1 1
2 2
3 2
4 4
5 2
6 4
7 2
8 4
9 6
10 2
11 6
12 4
13 2
14 4
15 6
16 6
17 2
18 6
19 4
20 2
21 6
22 4
23 6
24 8
25 4
26 2
27 4
28 2
29 4
30 14
31 4
32 6
33 2
34 10
35 2
36 6
37 6
38 4
39 6
40 6
41 2
42 10
43 2
44 4
45 2
46 12
47 12
48 4
49 2
50 4
51 6
52 2
53 10
54 6
55 6
56 6
57 2
58 6
59 4
60 2
61 10
62 14
63 4
64 2
65 4
66 14
67 6
68 10
69 2
70 4
71 6
72 8
73 6
74 6
75 4
76 6
77 8
78 4
79 8
80 10
81 2
82 10
83 2
84 6
85 4
86 6
87 8
88 4
89 2
90 4
91 12
92 8
93 4
94 8
95 4
96 6
97 12
98 2
99 18
100 6
101 10
102 6
103 6
104 2
105 6
106 10
107 6
108 6
109 2
110 6
111 6
112 4
113 2
114 12
115 10
116 2
117 4
118 6
119 6
120 2
121 12
122 4
123 6
124 8
125 10
126 8
127 10
128 8
129 6
130 6
131 4
132 8
133 6
134 4
135 8
136 4
137 14
138 10
139 12
140 2
141 10
142 2
143 4
144 2
145 10
146 14
147 4
148 2
149 4
150 14
151 4
152 2
153 4
154 20
155 4
156 8
157 10
158 8
159 4
160 6
161 6
162 14
163 4
164 6
165 6
166 8
167 6
168 12
169 4
170 6
171 2
172 10
173 2
174 6
175 10
176 2
177 10
178 2
179 6
180 18
181 4
182 2
183 4
184 6
185 6
186 8
187 6
188 6
189 22
190 2
191 10
192 8
193 10
194 6
195 6
196 8
197 12
198 4
199 6
200 6
201 2
202 6
203 12
204 10
205 18
206 2
207 4
208 6
209 2
210 6
211 4
212 2
213 4
214 12
215 2
216 6
217 34
218 6
219 6
220 8
221 18
222 10
223 14
224 4
225 2
226 4
227 6
228 8
229 4
230 2
231 6
232 12
233 10
234 2
235 4
236 2
237 4
238 6
239 12
240 12
241 8
242 12
243 6
244 4
245 6
246 8
247 4
248 8
249 4
250 14
251 4
252 6
253 2
254 4
255 6
256 2
257 6
258 10
259 20
260 6
261 4
262 2
263 24
264 4
265 2
266 10
267 12
268 2
269 10
270 8
271 6
272 6
273 6
274 18
275 6
276 4
277 2
278 12
279 10
280 12
281 8
282 16
283 14
284 6
285 4
286 2
287 4
288 2
289 10
290 12
291 6
292 6
293 18
294 2
295 16
296 2
297 22
298 6
299 8
300 6
301 4
302 2
303 4
304 8
305 6
306 10
307 2
308 10
309 14
310 10
311 6
312 12
313 2
314 4
315 2
316 10
317 12
318 2
319 16
320 2
321 6
322 4
323 2
324 10
325 8
326 18
327 24
328 4
329 6
330 8
331 16
332 2
333 4
334 8
335 16
336 2
337 4
338 8
339 6
340 6
341 4
342 12
343 2
344 22
345 6
346 2
347 6
348 4
349 6
350 14
351 6
352 4
353 2
354 6
355 4
356 6
357 12
358 6
359 6
360 14
361 4
362 6
363 12
364 8
365 6
366 4
367 26
368 18
369 10
370 8
371 4
372 6
373 2
374 6
375 22
376 12
377 2
378 16
379 8
380 4
381 12
382 14
383 10
384 2
385 4
386 8
387 6
388 6
389 4
390 2
391 4
392 6
393 8
394 4
395 2
396 6
397 10
398 2
399 10
400 8
401 4
402 14
403 10
404 12
405 2
406 6
407 4
408 2
409 16
410 14
411 4
412 6
413 8
414 6
415 4
416 18
417 8
418 10
419 6
420 6
421 8
422 10
423 12
424 14
425 4
426 6
427 6
428 2
429 28
430 2
431 10
432 8
433 4
434 14
435 4
436 8
437 12
438 6
439 12
440 4
441 6
442 20
443 10
444 2
445 16
446 26
447 4
448 2
449 12
450 6
451 4
452 12
453 6
454 8
455 4
456 8
457 22
458 2
459 4
460 2
461 12
462 28
463 2
464 6
465 6
466 6
467 4
468 6
469 2
470 12
471 4
472 12
473 2
474 10
475 2
476 16
477 2
478 16
479 6
480 20
481 16
482 8
483 4
484 2
485 4
486 2
487 22
488 8
489 12
490 6
491 10
492 2
493 4
494 6
495 2
496 6
497 10
498 2
499 12
500 10
501 2
502 10
503 14
504 6
505 4
506 6
507 8
508 6
509 6
510 16
511 12
512 2
513 4
514 14
515 6
516 4
517 8
518 10
519 8
520 6
521 6
522 22
523 6
524 2
525 10
526 14
527 4
528 6
529 18
530 2
531 10
532 14
533 4
534 2
535 10
536 14
537 4
538 8
539 18
540 4
541 6
542 2
543 4
544 6
545 2
546 12
547 4
548 20
549 22
550 12
551 2
552 4
553 6
554 6
555 2
556 6
557 22
558 2
559 6
560 16
561 6
562 12
563 2
564 6
565 12
566 16
567 2
568 4
569 6
570 14
571 4
572 2
573 18
574 24
575 10
576 6
577 2
578 10
579 2
580 10
581 2
582 10
583 6
584 2
585 10
586 2
587 10
588 6
589 8
590 30
591 10
592 2
593 10
594 8
595 6
596 10
597 18
598 6
599 12
600 12
601 2
602 18
603 6
604 4
605 6
606 6
607 18
608 2
609 10
610 14
611 6
612 4
613 2
614 4
615 24
616 2
617 12
618 6
619 16
620 8
621 6
622 6
623 18
624 16
625 2
626 4
627 6
628 2
629 6
630 6
631 10
632 6
633 12
634 12
635 18
636 2
637 6
638 4
639 18
640 8
641 24
642 4
643 2
644 4
645 6
646 2
647 12
648 4
649 14
650 30
651 10
652 6
653 12
654 14
655 6
656 10
657 12
658 2
659 4
660 6
661 8
662 6
663 10
664 2
665 4
666 14
667 6
668 6
669 4
670 6
671 2
672 10
673 2
674 16
675 12
676 8
677 18
678 4
679 6
680 12
681 2
682 6
683 6
684 6
685 28
686 6
687 14
688 4
689 8
690 10
691 8
692 12
693 18
694 4
695 2
696 4
697 24
698 12
699 6
700 2
701 16
702 6
703 6
704 14
705 10
706 14
707 4
708 30
709 6
710 6
711 6
712 8
713 6
714 4
715 2
716 12
717 6
718 4
719 2
720 6
721 22
722 6
723 2
724 4
725 18
726 2
727 4
728 12
729 2
730 6
731 4
732 26
733 6
734 6
735 4
736 8
737 10
738 32
739 16
740 2
741 6
742 4
743 2
744 4
745 2
746 10
747 14
748 6
749 4
750 8
751 10
752 6
753 20
754 4
755 2
756 6
757 30
758 4
759 8
760 10
761 6
762 6
763 8
764 6
765 12
766 4
767 6
768 2
769 6
770 4
771 6
772 2
773 10
774 2
775 16
776 6
777 20
778 4
779 12
780 14
781 28
782 6
783 20
784 4
785 18
786 8
787 6
788 4
789 6
790 14
791 6
792 6
793 10
794 2
795 10
796 12
797 8
798 10
799 2
800 10
801 8
802 12
803 10
804 24
805 2
806 4
807 8
808 6
809 4
810 8
811 18
812 10
813 6
814 6
815 2
816 6
817 10
818 12
819 2
820 10
821 6
822 6
823 6
824 8
825 6
826 10
827 6
828 2
829 6
830 6
831 6
832 10
833 8
834 24
835 6
836 22
837 2
838 18
839 4
840 8
841 10
842 30
843 8
844 18
845 4
846 2
847 10
848 6
849 2
850 6
851 4
852 18
853 8
854 12
855 18
856 16
857 6
858 2
859 12
860 6
861 10
862 2
863 10
864 2
865 6
866 10
867 14
868 4
869 24
870 2
871 16
872 2
873 10
874 2
875 10
876 20
877 4
878 2
879 4
880 8
881 16
882 6
883 6
884 2
885 12
886 16
887 8
888 4
889 6
890 30
891 2
892 10
893 2
894 6
895 4
896 6
897 6
898 8
899 6
900 4
901 12
902 6
903 8
904 12
905 4
906 14
907 12
908 10
909 24
910 6
911 12
912 6
913 2
914 22
915 8
916 18
917 10
918 6
919 14
920 4
921 2
922 6
923 10
924 8
925 6
926 4
927 6
928 30
929 14
930 10
931 2
932 12
933 10
934 2
935 16
936 2
937 18
938 24
939 18
940 6
941 16
942 18
943 6
944 2
945 18
946 4
947 6
948 2
949 10
950 8
951 10
952 6
953 6
954 8
955 4
956 6
957 2
958 10
959 2
960 12
961 4
962 6
963 6
964 2
965 12
966 4
967 14
968 18
969 4
970 6
971 20
972 4
973 8
974 6
975 4
976 8
977 4
978 14
979 6
980 4
981 14
982 12
983 4
984 2
985 30
986 4
987 24
988 6
989 6
990 12
991 12
992 14
993 6
994 4
995 2
996 4
997 18
998 6
999 12
1000 8
1001 6
1002 4
1003 12
1004 2
1005 12
1006 30
1007 16
1008 2
1009 6
1010 22
1011 14
1012 6
1013 10
1014 12
1015 6
1016 2
1017 4
1018 8
1019 10
1020 6
1021 6
1022 24
1023 14
1024 6
1025 4
1026 8
1027 12
1028 18
1029 10
1030 2
1031 10
1032 2
1033 4
1034 6
1035 20
1036 6
1037 4
1038 14
1039 4
1040 2
1041 4
1042 14
1043 6
1044 12
1045 24
1046 10
1047 6
1048 8
1049 10
1050 2
1051 30
1052 4
1053 6
1054 2
1055 12
1056 4
1057 14
1058 6
1059 34
1060 12
1061 8
1062 6
1063 10
1064 2
1065 4
1066 20
1067 10
1068 8
1069 16
1070 2
1071 10
1072 14
1073 4
1074 2
1075 12
1076 6
1077 16
1078 6
1079 8
1080 4
1081 8
1082 4
1083 6
1084 8
1085 6
1086 6
1087 12
1088 6
1089 4
1090 6
1091 6
1092 8
1093 18
1094 4
1095 20
1096 4
1097 12
1098 2
1099 10
1100 6
1101 2
1102 10
1103 12
1104 2
1105 4
1106 20
1107 6
1108 30
1109 6
1110 4
1111 8
1112 10
1113 12
1114 6
1115 2
1116 28
1117 2
1118 6
1119 4
1120 2
1121 16
1122 12
1123 2
1124 6
1125 10
1126 8
1127 24
1128 12
1129 6
1130 18
1131 6
1132 4
1133 14
1134 6
1135 4
1136 12
1137 8
1138 6
1139 12
1140 4
1141 6
1142 12
1143 6
1144 12
1145 2
1146 16
1147 20
1148 4
1149 2
1150 10
1151 18
1152 8
1153 4
1154 14
1155 4
1156 2
1157 6
1158 22
1159 6
1160 14
1161 6
1162 6
1163 10
1164 6
1165 2
1166 10
1167 2
1168 4
1169 2
1170 22
1171 2
1172 4
1173 6
1174 6
1175 12
1176 6
1177 14
1178 10
1179 12
1180 6
1181 8
1182 4
1183 36
1184 14
1185 12
1186 6
1187 4
1188 6
1189 2
1190 12
1191 6
1192 12
1193 16
1194 2
1195 10
1196 8
1197 22
1198 2
1199 12
1200 6
1201 4
1202 6
1203 18
1204 2
1205 12
1206 6
1207 4
1208 12
1209 8
1210 6
1211 12
1212 4
1213 6
1214 12
1215 6
1216 2
1217 12
1218 12
1219 4
1220 14
1221 6
1222 16
1223 6
1224 2
1225 10
1226 8
1227 18
1228 6
1229 34
1230 2
1231 28
1232 2
1233 22
1234 6
1235 2
1236 10
1237 12
1238 2
1239 6
1240 4
1241 8
1242 22
1243 6
1244 2
1245 10
1246 8
1247 4
1248 6
1249 8
1250 4
1251 12
1252 18
1253 12
1254 20
1255 4
1256 6
1257 6
1258 8
1259 4
1260 2
1261 16
1262 12
1263 2
1264 10
1265 8
1266 10
1267 2
1268 4
1269 6
1270 14
1271 12
1272 22
1273 8
1274 28
1275 2
1276 4
1277 20
1278 4
1279 2
1280 4
1281 14
1282 10
1283 12
1284 2
1285 12
1286 16
1287 2
1288 28
1289 8
1290 22
1291 8
1292 4
1293 6
1294 6
1295 14
1296 4
1297 8
1298 12
1299 6
1300 6
1301 4
1302 20
1303 4
1304 18
1305 2
1306 12
1307 6
1308 4
1309 6
1310 14
1311 18
1312 10
1313 8
1314 10
1315 32
1316 6
1317 10
1318 6
1319 6
1320 2
1321 6
1322 16
1323 6
1324 2
1325 12
1326 6
1327 28
1328 2
1329 10
1330 8
1331 16
1332 6
1333 8
1334 6
1335 10
1336 24
1337 20
1338 10
1339 2
1340 10
1341 2
1342 12
1343 4
1344 6
1345 20
1346 4
1347 2
1348 12
1349 18
1350 10
1351 2
1352 10
1353 2
1354 4
1355 20
1356 16
1357 26
1358 4
1359 8
1360 6
1361 4
1362 12
1363 6
1364 8
1365 12
1366 12
1367 6
1368 4
1369 8
1370 22
1371 2
1372 16
1373 14
1374 10
1375 6
1376 12
1377 12
1378 14
1379 6
1380 4
1381 20
1382 4
1383 12
1384 6
1385 2
1386 6
1387 6
1388 16
1389 8
1390 22
1391 2
1392 28
1393 8
1394 6
1395 4
1396 20
1397 4
1398 12
1399 24
1400 20
1401 4
1402 8
1403 10
1404 2
1405 16
1406 2
1407 12
1408 12
1409 34
1410 2
1411 4
1412 6
1413 12
1414 6
1415 6
1416 8
1417 6
1418 4
1419 2
1420 6
1421 24
1422 4
1423 20
1424 10
1425 6
1426 6
1427 14
1428 4
1429 6
1430 6
1431 2
1432 12
1433 6
1434 10
1435 2
1436 10
1437 6
1438 20
1439 4
1440 26
1441 4
1442 2
1443 6
1444 22
1445 2
1446 24
1447 4
1448 6
1449 2
1450 4
1451 6
1452 24
1453 6
1454 8
1455 4
1456 2
1457 34
1458 6
1459 8
1460 16
1461 12
1462 2
1463 10
1464 2
1465 10
1466 6
1467 8
1468 4
1469 8
1470 12
1471 22
1472 6
1473 14
1474 4
1475 26
1476 4
1477 2
1478 12
1479 10
1480 8
1481 4
1482 8
1483 12
1484 4
1485 14
1486 6
1487 16
1488 6
1489 8
1490 4
1491 6
1492 6
1493 8
1494 6
1495 10
1496 12
1497 2
1498 6
1499 6
1500 16
1501 8
1502 6
1503 6
1504 12
1505 10
1506 2
1507 6
1508 18
1509 4
1510 6
1511 6
1512 6
1513 12
1514 18
1515 8
1516 6
1517 10
1518 8
1519 18
1520 4
1521 14
1522 6
1523 18
1524 10
1525 8
1526 10
1527 12
1528 2
1529 6
1530 12
1531 12
1532 36
1533 4
1534 6
1535 8
1536 4
1537 6
1538 2
1539 4
1540 18
1541 12
1542 6
1543 8
1544 6
1545 6
1546 4
1547 18
1548 2
1549 4
1550 2
1551 24
1552 4
1553 6
1554 6
1555 14
1556 30
1557 6
1558 4
1559 6
1560 12
1561 6
1562 20
1563 4
1564 8
1565 4
1566 8
1567 6
1568 6
1569 4
1570 30
1571 2
1572 10
1573 12
1574 8
1575 10
1576 8
1577 24
1578 6
1579 12
1580 4
1581 14
1582 4
1583 6
1584 2
1585 28
1586 14
1587 16
1588 2
1589 12
1590 6
1591 4
1592 20
1593 10
1594 6
1595 6
1596 6
1597 8
1598 10
1599 12
1600 14
1601 10
1602 14
1603 16
1604 14
1605 10
1606 14
1607 6
1608 16
1609 6
1610 8
1611 6
1612 16
1613 20
1614 10
1615 2
1616 6
1617 4
1618 2
1619 4
1620 12
1621 2
1622 10
1623 2
1624 6
1625 22
1626 6
1627 2
1628 4
1629 18
1630 8
1631 10
1632 8
1633 22
1634 2
1635 10
1636 18
1637 14
1638 4
1639 2
1640 4
1641 18
1642 2
1643 4
1644 6
1645 8
1646 10
1647 2
1648 30
1649 4
1650 30
1651 2
1652 10
1653 2
1654 18
1655 4
1656 18
1657 6
1658 14
1659 10
1660 2
1661 4
1662 20
1663 36
1664 6
1665 4
1666 6
1667 14
1668 4
1669 20
1670 10
1671 14
1672 22
1673 6
1674 2
1675 30
1676 12
1677 10
1678 18
1679 2
1680 4
1681 14
1682 6
1683 22
1684 18
1685 2
1686 12
1687 6
1688 4
1689 8
1690 4
1691 8
1692 6
1693 10
1694 2
1695 12
1696 18
1697 10
1698 14
1699 16
1700 14
1701 4
1702 6
1703 6
1704 2
1705 6
1706 4
1707 2
1708 28
1709 2
1710 28
1711 6
1712 2
1713 4
1714 6
1715 14
1716 4
1717 12
1718 14
1719 16
1720 14
1721 4
1722 6
1723 8
1724 6
1725 4
1726 6
1727 6
1728 6
1729 8
1730 4
1731 8
1732 4
1733 14
1734 16
1735 8
1736 6
1737 4
1738 12
1739 8
1740 16
1741 2
1742 10
1743 8
1744 4
1745 6
1746 26
1747 6
1748 10
1749 8
1750 4
1751 6
1752 12
1753 14
1754 30
1755 4
1756 14
1757 22
1758 8
1759 12
1760 4
1761 6
1762 8
1763 10
1764 6
1765 14
1766 10
1767 6
1768 2
1769 10
1770 12
1771 12
1772 14
1773 6
1774 6
1775 18
1776 10
1777 6
1778 8
1779 18
1780 4
1781 6
1782 2
1783 6
1784 10
1785 2
1786 10
1787 8
1788 6
1789 6
1790 10
1791 2
1792 18
1793 10
1794 2
1795 12
1796 4
1797 6
1798 8
1799 10
1800 12
1801 14
1802 12
1803 4
1804 8
1805 10
1806 6
1807 6
1808 20
1809 4
1810 14
1811 16
1812 14
1813 10
1814 8
1815 10
1816 12
1817 2
1818 18
1819 6
1820 12
1821 10
1822 12
1823 2
1824 4
1825 2
1826 12
1827 6
1828 4
1829 8
1830 4
1831 44
1832 4
1833 2
1834 4
1835 2
1836 10
1837 12
1838 6
1839 6
1840 14
1841 4
1842 6
1843 6
1844 6
1845 8
1846 6
1847 36
1848 18
1849 4
1850 6
1851 2
1852 12
1853 6
1854 6
1855 6
1856 4
1857 14
1858 22
1859 12
1860 2
1861 18
1862 10
1863 6
1864 26
1865 24
1866 4
1867 2
1868 4
1869 2
1870 4
1871 14
1872 4
1873 6
1874 6
1875 8
1876 16
1877 12
1878 2
1879 42
1880 4
1881 2
1882 4
1883 24
1884 6
1885 6
1886 2
1887 18
1888 4
1889 14
1890 6
1891 28
1892 18
1893 14
1894 6
1895 10
1896 12
1897 2
1898 6
1899 12
1900 30
1901 6
1902 4
1903 6
1904 6
1905 14
1906 4
1907 2
1908 24
1909 4
1910 6
1911 6
1912 26
1913 10
1914 18
1915 6
1916 8
1917 6
1918 6
1919 30
1920 4
1921 12
1922 12
1923 2
1924 16
1925 2
1926 6
1927 4
1928 12
1929 18
1930 2
1931 6
1932 4
1933 26
1934 12
1935 6
1936 12
1937 4
1938 24
1939 24
1940 12
1941 6
1942 2
1943 12
1944 28
1945 8
1946 4
1947 6
1948 12
1949 2
1950 18
1951 6
1952 4
1953 6
1954 6
1955 20
1956 16
1957 2
1958 6
1959 6
1960 18
1961 10
1962 6
1963 2
1964 4
1965 8
1966 6
1967 6
1968 24
1969 16
1970 6
1971 8
1972 10
1973 6
1974 14
1975 22
1976 8
1977 16
1978 6
1979 2
1980 12
1981 4
1982 2
1983 22
1984 8
1985 18
1986 34
1987 2
1988 6
1989 18
1990 4
1991 6
1992 6
1993 8
1994 10
1995 8
1996 18
1997 6
1998 4
1999 2
2000 4
2001 8
2002 16
2003 2
2004 12
2005 12
2006 6
2007 18
2008 4
2009 6
2010 6
2011 6
2012 2
2013 6
2014 12
2015 10
2016 20
2017 12
2018 18
2019 4
2020 6
2021 2
2022 16
2023 2
2024 10
2025 14
2026 4
2027 30
2028 2
2029 10
2030 12
2031 2
2032 24
2033 6
2034 16
2035 8
2036 10
2037 2
2038 12
2039 22
2040 6
2041 2
2042 16
2043 20
2044 10
2045 2
2046 12
2047 12
2048 18
2049 10
2050 12
2051 6
2052 2
2053 10
2054 2
2055 6
2056 10
2057 18
2058 2
2059 12
2060 6
2061 4
2062 6
2063 2
2064 24
2065 28
2066 2
2067 4
2068 2
2069 10
2070 2
2071 16
2072 12
2073 8
2074 22
2075 2
2076 6
2077 4
2078 2
2079 10
2080 6
2081 20
2082 12
2083 10
2084 8
2085 12
2086 6
2087 6
2088 6
2089 4
2090 18
2091 2
2092 4
2093 12
2094 18
2095 2
2096 12
2097 6
2098 4
2099 2
2100 16
2101 12
2102 12
2103 14
2104 4
2105 8
2106 18
2107 4
2108 12
2109 14
2110 6
2111 6
2112 4
2113 8
2114 6
2115 4
2116 20
2117 12
2118 10
2119 14
2120 4
2121 2
2122 16
2123 2
2124 12
2125 30
2126 4
2127 6
2128 24
2129 20
2130 24
2131 10
2132 8
2133 12
2134 10
2135 12
2136 6
2137 12
2138 12
2139 6
2140 8
2141 16
2142 14
2143 6
2144 4
2145 6
2146 36
2147 20
2148 10
2149 30
2150 12
2151 2
2152 4
2153 2
2154 28
2155 12
2156 14
2157 6
2158 22
2159 8
2160 4
2161 18
2162 6
2163 14
2164 18
2165 4
2166 6
2167 2
2168 6
2169 34
2170 18
2171 2
2172 16
2173 6
2174 18
2175 2
2176 24
2177 4
2178 2
2179 6
2180 12
2181 6
2182 12
2183 10
2184 8
2185 6
2186 16
2187 12
2188 8
2189 10
2190 14
2191 40
2192 6
2193 2
2194 6
2195 4
2196 12
2197 14
2198 4
2199 2
2200 4
2201 2
2202 4
2203 8
2204 6
2205 10
2206 6
2207 6
2208 2
2209 6
2210 6
2211 6
2212 12
2213 6
2214 24
2215 10
2216 2
2217 10
2218 6
2219 12
2220 6
2221 6
2222 14
2223 6
2224 6
2225 52
2226 20
2227 6
2228 10
2229 2
2230 10
2231 8
2232 10
2233 12
2234 12
2235 2
2236 6
2237 4
2238 14
2239 16
2240 8
2241 12
2242 6
2243 22
2244 2
2245 10
2246 8
2247 6
2248 22
2249 2
2250 22
2251 6
2252 8
2253 10
2254 12
2255 12
2256 2
2257 10
2258 6
2259 12
2260 2
2261 4
2262 14
2263 10
2264 2
2265 6
2266 18
2267 4
2268 12
2269 8
2270 18
2271 12
2272 6
2273 6
2274 4
2275 6
2276 6
2277 14
2278 4
2279 2
2280 12
2281 12
2282 4
2283 6
2284 18
2285 18
2286 12
2287 2
2288 16
2289 12
2290 8
2291 18
2292 10
2293 26
2294 4
2295 6
2296 8
2297 6
2298 6
2299 4
2300 2
2301 10
2302 20
2303 4
2304 6
2305 8
2306 4
2307 20
2308 10
2309 2
2310 34
2311 2
2312 4
2313 24
2314 2
2315 12
2316 12
2317 10
2318 6
2319 2
2320 12
2321 30
2322 6
2323 12
2324 16
2325 12
2326 2
2327 22
2328 18
2329 12
2330 14
2331 10
2332 2
2333 12
2334 12
2335 4
2336 2
2337 4
2338 6
2339 12
2340 2
2341 16
2342 18
2343 2
2344 40
2345 8
2346 16
2347 6
2348 8
2349 10
2350 2
2351 4
2352 18
2353 8
2354 10
2355 8
2356 12
2357 4
2358 18
2359 2
2360 18
2361 10
2362 2
2363 4
2364 2
2365 4
2366 8
2367 28
2368 2
2369 6
2370 22
2371 12
2372 6
2373 14
2374 18
2375 4
2376 6
2377 8
2378 6
2379 6
2380 10
2381 8
2382 4
2383 2
2384 18
2385 10
2386 6
2387 20
2388 22
2389 8
2390 6
2391 30
2392 4
2393 2
2394 4
2395 18
2396 6
2397 30
2398 2
2399 4
2400 8
2401 6
2402 4
2403 6
2404 12
2405 14
2406 34
2407 14
2408 6
2409 4
2410 2
2411 6
2412 4
2413 14
2414 4
2415 2
2416 6
2417 28
2418 2
2419 4
2420 6
2421 8
2422 10
2423 2
2424 10
2425 2
2426 10
2427 2
2428 4
2429 30
2430 2
2431 12
2432 12
2433 10
2434 18
2435 12
2436 14
2437 10
2438 2
2439 12
2440 6
2441 10
2442 6
2443 14
2444 12
2445 4
2446 14
2447 4
2448 18
2449 2
2450 10
2451 8
2452 4
2453 8
2454 10
2455 12
2456 18
2457 18
2458 8
2459 6
2460 18
2461 16
2462 14
2463 6
2464 6
2465 10
2466 14
2467 4
2468 6
2469 2
2470 12
2471 12
2472 4
2473 6
2474 6
2475 12
2476 2
2477 16
2478 2
2479 12
2480 6
2481 4
2482 14
2483 6
2484 4
2485 2
2486 12
2487 18
2488 4
2489 36
2490 18
2491 12
2492 12
2493 2
2494 4
2495 2
2496 4
2497 8
2498 12
2499 4
2500 36
2501 6
2502 18
2503 2
2504 12
2505 10
2506 6
2507 12
2508 24
2509 8
2510 6
2511 6
2512 16
2513 12
2514 2
2515 18
2516 10
2517 20
2518 10
2519 2
2520 6
2521 18
2522 4
2523 2
2524 40
2525 6
2526 2
2527 16
2528 2
2529 4
2530 8
2531 18
2532 10
2533 12
2534 6
2535 2
2536 10
2537 8
2538 4
2539 6
2540 12
2541 2
2542 10
2543 18
2544 8
2545 6
2546 4
2547 20
2548 4
2549 6
2550 36
2551 6
2552 2
2553 10
2554 6
2555 24
2556 6
2557 14
2558 16
2559 6
2560 18
2561 2
2562 10
2563 20
2564 10
2565 8
2566 6
2567 4
2568 6
2569 2
2570 10
2571 2
2572 12
2573 4
2574 2
2575 4
2576 8
2577 10
2578 6
2579 12
2580 18
2581 14
2582 12
2583 16
2584 8
2585 6
2586 16
2587 8
2588 4
2589 2
2590 6
2591 18
2592 24
2593 18
2594 10
2595 12
2596 2
2597 4
2598 14
2599 10
2600 6
2601 6
2602 6
2603 18
2604 12
2605 2
2606 28
2607 18
2608 14
2609 16
2610 12
2611 14
2612 24
2613 12
2614 22
2615 6
2616 2
2617 10
2618 8
2619 4
2620 2
2621 4
2622 14
2623 12
2624 6
2625 4
2626 6
2627 14
2628 4
2629 2
2630 4
2631 30
2632 6
2633 2
2634 6
2635 10
2636 2
2637 30
2638 22
2639 2
2640 4
2641 6
2642 8
2643 6
2644 6
2645 16
2646 12
2647 12
2648 6
2649 8
2650 4
2651 2
2652 24
2653 12
2654 4
2655 6
2656 8
2657 6
2658 6
2659 10
2660 2
2661 6
2662 12
2663 28
2664 14
2665 6
2666 4
2667 12
2668 8
2669 6
2670 12
2671 4
2672 6
2673 14
2674 6
2675 12
2676 10
2677 6
2678 6
2679 8
2680 6
2681 6
2682 4
2683 2
2684 4
2685 8
2686 12
2687 4
2688 14
2689 18
2690 10
2691 2
2692 16
2693 6
2694 20
2695 6
2696 10
2697 8
2698 4
2699 30
2700 36
2701 12
2702 8
2703 22
2704 12
2705 2
2706 6
2707 12
2708 16
2709 6
2710 6
2711 2
2712 18
2713 4
2714 26
2715 4
2716 8
2717 18
2718 10
2719 8
2720 10
2721 6
2722 14
2723 4
2724 20
2725 22
2726 18
2727 12
2728 8
2729 28
2730 12
2731 6
2732 6
2733 8
2734 6
2735 12
2736 24
2737 16
2738 14
2739 4
2740 14
2741 12
2742 6
2743 10
2744 12
2745 20
2746 6
2747 4
2748 8
2749 18
2750 12
2751 18
2752 10
2753 2
2754 4
2755 20
2756 10
2757 14
2758 4
2759 6
2760 2
2761 10
2762 24
2763 18
2764 2
2765 4
2766 20
2767 16
2768 14
2769 10
2770 14
2771 6
2772 4
2773 6
2774 20
2775 6
2776 10
2777 6
2778 2
2779 12
2780 6
2781 30
2782 10
2783 8
2784 6
2785 4
2786 6
2787 8
2788 40
2789 2
2790 4
2791 2
2792 12
2793 18
2794 4
2795 6
2796 8
2797 10
2798 6
2799 18
2800 18
2801 2
2802 12
2803 16
2804 8
2805 6
2806 4
2807 6
2808 6
2809 2
2810 52
2811 14
2812 4
2813 20
2814 16
2815 2
2816 4
2817 6
2818 12
2819 2
2820 6
2821 12
2822 12
2823 6
2824 4
2825 14
2826 10
2827 6
2828 6
2829 14
2830 10
2831 14
2832 16
2833 8
2834 6
2835 12
2836 4
2837 8
2838 22
2839 6
2840 2
2841 18
2842 22
2843 6
2844 2
2845 18
2846 6
2847 16
2848 14
2849 10
2850 6
2851 12
2852 2
2853 6
2854 4
2855 8
2856 18
2857 12
2858 16
2859 2
2860 4
2861 14
2862 4
2863 8
2864 12
2865 12
2866 30
2867 16
2868 8
2869 4
2870 2
2871 6
2872 22
2873 12
2874 8
2875 10
2876 6
2877 6
2878 6
2879 14
2880 6
2881 18
2882 10
2883 12
2884 2
2885 10
2886 2
2887 4
2888 26
2889 4
2890 12
2891 8
2892 4
2893 18
2894 8
2895 10
2896 14
2897 16
2898 6
2899 6
2900 8
2901 10
2902 6
2903 8
2904 6
2905 12
2906 10
2907 20
2908 10
2909 8
2910 4
2911 12
2912 26
2913 18
2914 4
2915 12
2916 18
2917 6
2918 30
2919 6
2920 8
2921 6
2922 22
2923 12
2924 2
2925 4
2926 6
2927 6
2928 2
2929 10
2930 2
2931 4
2932 6
2933 6
2934 2
2935 6
2936 22
2937 18
2938 6
2939 18
2940 12
2941 8
2942 12
2943 6
2944 10
2945 12
2946 2
2947 16
2948 2
2949 10
2950 2
2951 10
2952 18
2953 6
2954 20
2955 4
2956 2
2957 6
2958 22
2959 6
2960 6
2961 18
2962 6
2963 14
2964 12
2965 16
2966 2
2967 6
2968 6
2969 4
2970 14
2971 12
2972 4
2973 2
2974 18
2975 16
2976 36
2977 12
2978 6
2979 14
2980 28
2981 2
2982 12
2983 6
2984 12
2985 6
2986 4
2987 2
2988 16
2989 30
2990 8
2991 24
2992 6
2993 30
2994 10
2995 2
2996 18
2997 4
2998 6
2999 12
3000 8
3001 22
3002 2
3003 6
3004 22
3005 18
3006 2
3007 10
3008 2
3009 10
3010 30
3011 2
3012 28
3013 6
3014 14
3015 16
3016 6
3017 20
3018 16
3019 2
3020 6
3021 4
3022 32
3023 4
3024 2
3025 4
3026 6
3027 2
3028 12
3029 4
3030 6
3031 6
3032 12
3033 2
3034 6
3035 4
3036 6
3037 8
3038 6
3039 4
3040 20
3041 4
3042 32
3043 10
3044 8
3045 16
3046 2
3047 22
3048 2
3049 4
3050 6
3051 8
3052 6
3053 16
3054 14
3055 4
3056 18
3057 8
3058 4
3059 20
3060 6
3061 12
3062 12
3063 6
3064 10
3065 2
3066 10
3067 2
3068 12
3069 28
3070 12
3071 18
3072 2
3073 18
3074 10
3075 8
3076 10
3077 48
3078 2
3079 4
3080 6
3081 8
3082 10
3083 2
3084 10
3085 30
3086 2
3087 36
3088 6
3089 10
3090 6
3091 2
3092 18
3093 4
3094 6
3095 8
3096 16
3097 14
3098 16
3099 6
3100 14
3101 4
3102 20
3103 4
3104 6
3105 2
3106 10
3107 12
3108 2
3109 6
3110 12
3111 6
3112 6
3113 4
3114 12
3115 2
3116 6
3117 4
3118 12
3119 6
3120 8
3121 4
3122 2
3123 6
3124 18
3125 10
3126 6
3127 8
3128 12
3129 6
3130 22
3131 2
3132 6
3133 12
3134 18
3135 4
3136 14
3137 6
3138 4
3139 20
3140 6
3141 16
3142 8
3143 4
3144 8
3145 22
3146 8
3147 12
3148 6
3149 6
3150 16
3151 12
3152 18
3153 30
3154 8
3155 4
3156 2
3157 4
3158 6
3159 26
3160 4
3161 14
3162 24
3163 22
3164 6
3165 2
3166 6
3167 10
3168 6
3169 14
3170 6
3171 6
3172 12
3173 10
3174 6
3175 2
3176 12
3177 10
3178 12
3179 8
3180 18
3181 18
3182 10
3183 6
3184 8
3185 16
3186 6
3187 6
3188 8
3189 16
3190 20
3191 4
3192 2
3193 10
3194 2
3195 10
3196 12
3197 6
3198 8
3199 6
3200 10
3201 20
3202 10
3203 18
3204 26
3205 4
3206 6
3207 30
3208 2
3209 4
3210 8
3211 6
3212 12
3213 12
3214 18
3215 4
3216 8
3217 22
3218 6
3219 2
3220 12
3221 34
3222 6
3223 18
3224 12
3225 6
3226 2
3227 28
3228 14
3229 16
3230 14
3231 4
3232 14
3233 12
3234 4
3235 6
3236 6
3237 2
3238 36
3239 4
3240 6
3241 20
3242 12
3243 24
3244 6
3245 22
3246 2
3247 16
3248 18
3249 12
3250 12
3251 18
3252 2
3253 6
3254 6
3255 6
3256 4
3257 6
3258 14
3259 4
3260 2
3261 22
3262 8
3263 12
3264 6
3265 10
3266 6
3267 8
3268 12
3269 18
3270 12
3271 6
3272 10
3273 2
3274 22
3275 14
3276 6
3277 6
3278 4
3279 18
3280 6
3281 20
3282 22
3283 2
3284 12
3285 24
3286 4
3287 18
3288 18
3289 2
3290 22
3291 2
3292 4
3293 12
3294 8
3295 12
3296 10
3297 14
3298 4
3299 2
3300 18
3301 16
3302 38
3303 6
3304 6
3305 6
3306 12
3307 10
3308 6
3309 12
3310 8
3311 6
3312 4
3313 6
3314 14
3315 30
3316 6
3317 10
3318 8
3319 22
3320 6
3321 8
3322 12
3323 10
3324 2
3325 10
3326 2
3327 6
3328 10
3329 2
3330 10
3331 12
3332 18
3333 20
3334 6
3335 4
3336 8
3337 22
3338 6
3339 6
3340 30
3341 6
3342 14
3343 6
3344 12
3345 12
3346 6
3347 10
3348 2
3349 10
3350 30
3351 2
3352 16
3353 8
3354 4
3355 2
3356 6
3357 18
3358 4
3359 2
3360 6
3361 4
3362 26
3363 4
3364 8
3365 6
3366 10
3367 2
3368 4
3369 6
3370 8
3371 4
3372 6
3373 30
3374 12
3375 2
3376 6
3377 6
3378 4
3379 20
3380 22
3381 8
3382 4
3383 2
3384 4
3385 72
3386 8
3387 4
3388 8
3389 22
3390 2
3391 4
3392 14
3393 10
3394 2
3395 4
3396 20
3397 6
3398 10
3399 18
3400 6
3401 20
3402 16
3403 6
3404 8
3405 6
3406 4
3407 20
3408 12
3409 22
3410 2
3411 4
3412 2
3413 12
3414 10
3415 18
3416 2
3417 22
3418 6
3419 18
3420 30
3421 2
3422 10
3423 14
3424 10
3425 8
3426 16
3427 50
3428 6
3429 10
3430 8
3431 10
3432 12
3433 6
3434 18
3435 2
3436 22
3437 6
3438 2
3439 4
3440 6
3441 8
3442 6
3443 6
3444 10
3445 18
3446 2
3447 22
3448 2
3449 16
3450 14
3451 10
3452 6
3453 2
3454 12
3455 10
3456 20
3457 4
3458 14
3459 6
3460 4
3461 36
3462 2
3463 4
3464 6
3465 12
3466 2
3467 4
3468 14
3469 12
3470 6
3471 4
3472 6
3473 2
3474 6
3475 4
3476 20
3477 10
3478 2
3479 10
3480 6
3481 12
3482 2
3483 24
3484 12
3485 12
3486 6
3487 6
3488 4
3489 24
3490 2
3491 4
3492 24
3493 2
3494 6
3495 4
3496 6
3497 8
3498 16
3499 6
3500 2
3501 10
3502 12
3503 14
3504 6
3505 34
3506 6
3507 14
3508 6
3509 4
3510 2
3511 30
3512 22
3513 8
3514 4
3515 6
3516 8
3517 4
3518 2
3519 28
3520 2
3521 6
3522 4
3523 26
3524 18
3525 22
3526 2
3527 6
3528 16
3529 6
3530 2
3531 16
3532 12
3533 2
3534 12
3535 4
3536 6
3537 6
3538 14
3539 10
3540 6
3541 8
3542 12
3543 4
3544 18
3545 2
3546 10
3547 8
3548 16
3549 6
3550 6
3551 30
3552 2
3553 10
3554 18
3555 2
3556 10
3557 8
3558 4
3559 8
3560 12
3561 24
3562 40
3563 2
3564 12
3565 10
3566 6
3567 12
3568 2
3569 12
3570 4
3571 2
3572 4
3573 6
3574 18
3575 14
3576 12
3577 6
3578 4
3579 14
3580 30
3581 4
3582 8
3583 10
3584 8
3585 6
3586 10
3587 18
3588 8
3589 4
3590 14
3591 16
3592 6
3593 8
3594 4
3595 6
3596 2
3597 10
3598 2
3599 12
3600 4
3601 2
3602 4
3603 6
3604 8
3605 4
3606 6
3607 32
3608 24
3609 10
3610 8
3611 18
3612 10
3613 2
3614 6
3615 10
3616 2
3617 4
3618 18
3619 6
3620 12
3621 2
3622 16
3623 2
3624 22
3625 6
3626 6
3627 8
3628 18
3629 4
3630 18
3631 12
3632 8
3633 6
3634 4
3635 20
3636 6
3637 30
3638 22
3639 12
3640 2
3641 6
3642 18
3643 4
3644 62
3645 4
3646 2
3647 12
3648 6
3649 10
3650 2
3651 12
3652 12
3653 28
3654 2
3655 4
3656 14
3657 22
3658 6
3659 2
3660 6
3661 6
3662 10
3663 14
3664 4
3665 2
3666 10
3667 6
3668 8
3669 10
3670 14
3671 10
3672 6
3673 2
3674 12
3675 22
3676 18
3677 8
3678 10
3679 18
3680 12
3681 2
3682 12
3683 4
3684 12
3685 2
3686 10
3687 2
3688 6
3689 18
3690 6
3691 6
3692 34
3693 6
3694 2
3695 12
3696 4
3697 6
3698 18
3699 18
3700 2
3701 16
3702 6
3703 6
3704 8
3705 6
3706 10
3707 18
3708 8
3709 10
3710 8
3711 10
3712 2
3713 4
3714 18
3715 26
3716 12
3717 22
3718 2
3719 4
3720 2
3721 22
3722 6
3723 6
3724 14
3725 16
3726 6
3727 20
3728 10
3729 12
3730 2
3731 18
3732 42
3733 4
3734 24
3735 2
3736 6
3737 10
3738 12
3739 2
3740 6
3741 10
3742 8
3743 4
3744 6
3745 12
3746 12
3747 8
3748 4
3749 6
3750 12
3751 30
3752 20
3753 6
3754 24
3755 6
3756 10
3757 12
3758 2
3759 10
3760 20
3761 6
3762 6
3763 4
3764 12
3765 14
3766 10
3767 18
3768 12
3769 8
3770 6
3771 12
3772 4
3773 14
3774 10
3775 2
3776 12
3777 30
3778 16
3779 2
3780 12
3781 6
3782 4
3783 2
3784 4
3785 6
3786 26
3787 4
3788 18
3789 2
3790 4
3791 6
3792 14
3793 54
3794 6
3795 52
3796 2
3797 16
3798 6
3799 6
3800 12
3801 26
3802 4
3803 2
3804 6
3805 22
3806 6
3807 2
3808 12
3809 12
3810 6
3811 10
3812 18
3813 2
3814 12
3815 12
3816 10
3817 18
3818 12
3819 6
3820 8
3821 6
3822 10
3823 6
3824 8
3825 4
3826 2
3827 4
3828 20
3829 24
3830 6
3831 6
3832 10
3833 14
3834 10
3835 2
3836 22
3837 6
3838 14
3839 10
3840 26
3841 4
3842 18
3843 8
3844 12
3845 12
3846 10
3847 12
3848 6
3849 8
3850 16
3851 6
3852 8
3853 6
3854 6
3855 22
3856 2
3857 10
3858 20
3859 10
3860 6
3861 44
3862 18
3863 6
3864 10
3865 2
3866 4
3867 6
3868 14
3869 4
3870 26
3871 4
3872 2
3873 12
3874 10
3875 8
3876 4
3877 8
3878 12
3879 4
3880 12
3881 8
3882 22
3883 8
3884 6
3885 10
3886 18
3887 6
3888 6
3889 8
3890 6
3891 12
3892 4
3893 8
3894 18
3895 10
3896 12
3897 6
3898 12
3899 2
3900 6
3901 4
3902 2
3903 16
3904 12
3905 12
3906 14
3907 10
3908 14
3909 6
3910 10
3911 12
3912 2
3913 12
3914 6
3915 4
3916 6
3917 2
3918 12
3919 4
3920 26
3921 6
3922 18
3923 6
3924 10
3925 6
3926 2
3927 18
3928 10
3929 8
3930 4
3931 26
3932 10
3933 20
3934 6
3935 16
3936 20
3937 12
3938 10
3939 8
3940 10
3941 2
3942 16
3943 6
3944 20
3945 10
3946 20
3947 4
3948 30
3949 2
3950 4
3951 8
3952 16
3953 2
3954 18
3955 4
3956 2
3957 6
3958 10
3959 18
3960 12
3961 14
3962 18
3963 6
3964 16
3965 20
3966 6
3967 4
3968 8
3969 6
3970 4
3971 6
3972 12
3973 8
3974 10
3975 2
3976 12
3977 6
3978 4
3979 2
3980 6
3981 10
3982 2
3983 16
3984 12
3985 14
3986 10
3987 6
3988 8
3989 6
3990 28
3991 2
3992 6
3993 18
3994 30
3995 34
3996 2
3997 16
3998 12
3999 2
4000 18
4001 16
4002 6
4003 8
4004 10
4005 8
4006 10
4007 8
4008 10
4009 44
4010 6
4011 6
4012 4
4013 20
4014 4
4015 2
4016 4
4017 14
4018 28
4019 8
4020 6
4021 16
4022 14
4023 30
4024 6
4025 30
4026 4
4027 14
4028 10
4029 6
4030 6
4031 8
4032 4
4033 18
4034 12
4035 6
4036 2
4037 22
4038 12
4039 8
4040 6
4041 12
4042 4
4043 14
4044 4
4045 6
4046 2
4047 4
4048 18
4049 20
4050 6
4051 16
4052 38
4053 16
4054 2
4055 4
4056 6
4057 2
4058 40
4059 42
4060 14
4061 4
4062 6
4063 2
4064 24
4065 10
4066 6
4067 2
4068 18
4069 10
4070 12
4071 2
4072 16
4073 2
4074 6
4075 16
4076 6
4077 8
4078 4
4079 2
4080 10
4081 6
4082 8
4083 10
4084 2
4085 18
4086 16
4087 8
4088 12
4089 18
4090 12
4091 6
4092 12
4093 10
4094 6
4095 6
4096 18
4097 12
4098 14
4099 4
4100 2
4101 10
4102 20
4103 6
4104 12
4105 6
4106 16
4107 26
4108 4
4109 18
4110 2
4111 4
4112 32
4113 10
4114 8
4115 6
4116 4
4117 6
4118 6
4119 14
4120 6
4121 18
4122 4
4123 2
4124 18
4125 10
4126 8
4127 10
4128 8
4129 10
4130 2
4131 4
4132 6
4133 2
4134 10
4135 42
4136 8
4137 12
4138 4
4139 6
4140 18
4141 2
4142 16
4143 8
4144 4
4145 2
4146 10
4147 14
4148 12
4149 10
4150 20
4151 4
4152 8
4153 10
4154 38
4155 4
4156 6
4157 2
4158 10
4159 20
4160 10
4161 12
4162 6
4163 12
4164 26
4165 12
4166 4
4167 8
4168 28
4169 8
4170 4
4171 8
4172 24
4173 6
4174 10
4175 8
4176 6
4177 16
4178 12
4179 8
4180 10
4181 12
4182 8
4183 22
4184 6
4185 2
4186 10
4187 2
4188 6
4189 10
4190 6
4191 6
4192 8
4193 6
4194 4
4195 14
4196 28
4197 8
4198 16
4199 18
4200 8
4201 4
4202 6
4203 20
4204 4
4205 18
4206 6
4207 2
4208 24
4209 24
4210 6
4211 6
4212 12
4213 12
4214 4
4215 2
4216 22
4217 2
4218 10
4219 6
4220 8
4221 12
4222 4
4223 20
4224 18
4225 6
4226 4
4227 12
4228 24
4229 6
4230 6
4231 54
4232 8
4233 6
4234 4
4235 26
4236 36
4237 4
4238 2
4239 4
4240 26
4241 12
4242 12
4243 4
4244 6
4245 6
4246 8
4247 12
4248 10
4249 2
4250 12
4251 16
4252 18
4253 6
4254 8
4255 6
4256 12
4257 18
4258 10
4259 2
4260 54
4261 4
4262 2
4263 10
4264 30
4265 12
4266 8
4267 4
4268 8
4269 16
4270 14
4271 12
4272 6
4273 4
4274 6
4275 12
4276 6
4277 2
4278 4
4279 14
4280 12
4281 4
4282 14
4283 6
4284 24
4285 6
4286 6
4287 10
4288 12
4289 12
4290 20
4291 18
4292 6
4293 6
4294 16
4295 8
4296 4
4297 6
4298 20
4299 4
4300 32
4301 4
4302 14
4303 10
4304 2
4305 6
4306 12
4307 16
4308 2
4309 4
4310 6
4311 12
4312 2
4313 10
4314 8
4315 6
4316 4
4317 2
4318 10
4319 14
4320 6
4321 6
4322 12
4323 18
4324 34
4325 8
4326 10
4327 6
4328 24
4329 6
4330 2
4331 10
4332 12
4333 2
4334 30
4335 10
4336 14
4337 12
4338 12
4339 16
4340 6
4341 6
4342 2
4343 18
4344 4
4345 6
4346 30
4347 14
4348 4
4349 6
4350 6
4351 2
4352 6
4353 4
4354 6
4355 14
4356 6
4357 4
4358 8
4359 10
4360 12
4361 6
4362 32
4363 10
4364 8
4365 22
4366 2
4367 10
4368 6
4369 24
4370 8
4371 4
4372 30
4373 6
4374 2
4375 12
4376 16
4377 8
4378 6
4379 4
4380 6
4381 8
4382 16
4383 14
4384 6
4385 6
4386 4
4387 2
4388 10
4389 12
4390 2
4391 16
4392 14
4393 4
4394 2
4395 4
4396 20
4397 18
4398 10
4399 2
4400 10
4401 6
4402 12
4403 30
4404 8
4405 18
4406 12
4407 10
4408 2
4409 6
4410 6
4411 4
4412 12
4413 12
4414 2
4415 4
4416 12
4417 18
4418 24
4419 2
4420 10
4421 6
4422 8
4423 16
4424 8
4425 6
4426 12
4427 10
4428 14
4429 6
4430 12
4431 6
4432 6
4433 4
4434 2
4435 24
4436 4
4437 6
4438 8
4439 6
4440 4
4441 2
4442 4
4443 6
4444 14
4445 4
4446 8
4447 10
4448 24
4449 24
4450 12
4451 2
4452 6
4453 12
4454 22
4455 30
4456 2
4457 6
4458 18
4459 10
4460 6
4461 6
4462 8
4463 4
4464 2
4465 6
4466 10
4467 8
4468 10
4469 6
4470 8
4471 16
4472 6
4473 14
4474 6
4475 4
4476 24
4477 8
4478 10
4479 2
4480 12
4481 6
4482 4
4483 36
4484 2
4485 22
4486 6
4487 8
4488 6
4489 10
4490 8
4491 6
4492 12
4493 10
4494 14
4495 10
4496 6
4497 18
4498 12
4499 2
4500 12
4501 4
4502 26
4503 10
4504 14
4505 16
4506 18
4507 8
4508 18
4509 12
4510 12
4511 6
4512 16
4513 14
4514 24
4515 10
4516 12
4517 8
4518 22
4519 6
4520 2
4521 10
4522 60
4523 6
4524 2
4525 4
4526 8
4527 16
4528 14
4529 10
4530 6
4531 24
4532 6
4533 12
4534 18
4535 24
4536 2
4537 30
4538 4
4539 2
4540 12
4541 6
4542 10
4543 2
4544 4
4545 14
4546 6
4547 16
4548 2
4549 10
4550 8
4551 22
4552 20
4553 6
4554 4
4555 32
4556 6
4557 18
4558 4
4559 2
4560 4
4561 2
4562 4
4563 8
4564 52
4565 14
4566 22
4567 2
4568 22
4569 20
4570 10
4571 8
4572 10
4573 2
4574 6
4575 4
4576 14
4577 4
4578 6
4579 20
4580 4
4581 6
4582 2
4583 12
4584 12
4585 6
4586 12
4587 16
4588 2
4589 12
4590 10
4591 8
4592 4
4593 6
4594 2
4595 28
4596 12
4597 8
4598 10
4599 12
4600 2
4601 4
4602 14
4603 28
4604 8
4605 6
4606 4
4607 2
4608 4
4609 6
4610 2
4611 12
4612 58
4613 6
4614 14
4615 10
4616 2
4617 6
4618 28
4619 32
4620 4
4621 30
4622 8
4623 6
4624 4
4625 6
4626 12
4627 12
4628 2
4629 4
4630 6
4631 6
4632 14
4633 16
4634 8
4635 30
4636 4
4637 2
4638 10
4639 8
4640 6
4641 4
4642 6
4643 26
4644 4
4645 12
4646 2
4647 10
4648 18
4649 12
4650 12
4651 18
4652 2
4653 4
4654 12
4655 8
4656 12
4657 10
4658 20
4659 4
4660 8
4661 16
4662 12
4663 8
4664 6
4665 16
4666 8
4667 10
4668 12
4669 14
4670 6
4671 4
4672 8
4673 12
4674 4
4675 20
4676 6
4677 40
4678 8
4679 16
4680 6
4681 36
4682 2
4683 6
4684 4
4685 6
4686 2
4687 22
4688 18
4689 2
4690 10
4691 6
4692 36
4693 14
4694 12
4695 4
4696 18
4697 8
4698 4
4699 14
4700 10
4701 2
4702 10
4703 8
4704 4
4705 2
4706 18
4707 16
4708 12
4709 14
4710 10
4711 14
4712 6
4713 6
4714 42
4715 10
4716 6
4717 6
4718 20
4719 10
4720 8
4721 12
4722 4
4723 12
4724 18
4725 2
4726 10
4727 14
4728 18
4729 10
4730 18
4731 8
4732 6
4733 4
4734 14
4735 6
4736 10
4737 30
4738 14
4739 6
4740 6
4741 4
4742 12
4743 38
4744 4
4745 2
4746 4
4747 6
4748 8
4749 12
4750 10
4751 6
4752 18
4753 6
4754 50
4755 6
4756 4
4757 6
4758 12
4759 8
4760 10
4761 32
4762 6
4763 22
4764 2
4765 10
4766 12
4767 18
4768 2
4769 6
4770 4
4771 30
4772 8
4773 6
4774 6
4775 18
4776 10
4777 2
4778 4
4779 12
4780 20
4781 10
4782 8
4783 24
4784 10
4785 2
4786 6
4787 22
4788 6
4789 2
4790 18
4791 10
4792 12
4793 2
4794 30
4795 18
4796 12
4797 28
4798 2
4799 6
4800 4
4801 6
4802 14
4803 6
4804 12
4805 10
4806 8
4807 4
4808 12
4809 26
4810 10
4811 8
4812 6
4813 16
4814 2
4815 10
4816 18
4817 14
4818 6
4819 4
4820 6
4821 14
4822 16
4823 2
4824 6
4825 4
4826 12
4827 20
4828 4
4829 20
4830 4
4831 6
4832 12
4833 2
4834 36
4835 4
4836 6
4837 2
4838 10
4839 2
4840 22
4841 8
4842 6
4843 10
4844 12
4845 12
4846 18
4847 14
4848 24
4849 36
4850 4
4851 20
4852 24
4853 10
4854 6
4855 2
4856 28
4857 6
4858 18
4859 8
4860 4
4861 6
4862 8
4863 6
4864 4
4865 2
4866 12
4867 28
4868 18
4869 14
4870 16
4871 14
4872 18
4873 10
4874 8
4875 6
4876 4
4877 6
4878 6
4879 8
4880 22
4881 12
4882 2
4883 10
4884 18
4885 6
4886 2
4887 18
4888 10
4889 2
4890 12
4891 10
4892 18
4893 32
4894 6
4895 4
4896 6
4897 6
4898 8
4899 6
4900 6
4901 10
4902 20
4903 6
4904 12
4905 10
4906 8
4907 10
4908 14
4909 6
4910 10
4911 14
4912 4
4913 2
4914 22
4915 18
4916 2
4917 10
4918 2
4919 4
4920 20
4921 4
4922 2
4923 34
4924 2
4925 12
4926 6
4927 10
4928 2
4929 10
4930 18
4931 6
4932 14
4933 12
4934 12
4935 22
4936 8
4937 6
4938 16
4939 6
4940 8
4941 4
4942 12
4943 6
4944 8
4945 4
4946 36
4947 6
4948 6
4949 20
4950 24
4951 6
4952 12
4953 18
4954 10
4955 2
4956 10
4957 26
4958 6
4959 16
4960 8
4961 6
4962 4
4963 24
4964 18
4965 8
4966 12
4967 12
4968 10
4969 18
4970 12
4971 2
4972 24
4973 4
4974 12
4975 18
4976 12
4977 14
4978 10
4979 2
4980 4
4981 24
4982 12
4983 14
4984 10
4985 6
4986 2
4987 6
4988 4
4989 6
4990 26
4991 4
4992 6
4993 6
4994 2
4995 22
4996 8
4997 18
4998 4
4999 18
5000 8
5001 4
5002 24
5003 2
5004 12
5005 12
5006 4
5007 2
5008 52
5009 2
5010 18
5011 6
5012 4
5013 6
5014 12
5015 2
5016 6
5017 12
5018 10
5019 8
5020 4
5021 2
5022 24
5023 10
5024 2
5025 10
5026 2
5027 12
5028 6
5029 18
5030 40
5031 6
5032 20
5033 16
5034 2
5035 12
5036 6
5037 10
5038 12
5039 2
5040 4
5041 6
5042 14
5043 12
5044 12
5045 22
5046 6
5047 8
5048 4
5049 2
5050 16
5051 18
5052 12
5053 2
5054 6
5055 16
5056 6
5057 2
5058 6
5059 4
5060 12
5061 30
5062 8
5063 16
5064 2
5065 18
5066 10
5067 24
5068 2
5069 6
5070 24
5071 4
5072 2
5073 22
5074 2
5075 16
5076 2
5077 6
5078 12
5079 4
5080 18
5081 8
5082 4
5083 14
5084 4
5085 18
5086 24
5087 6
5088 2
5089 6
5090 10
5091 2
5092 10
5093 38
5094 6
5095 10
5096 14
5097 6
5098 6
5099 24
5100 4
5101 2
5102 12
5103 16
5104 14
5105 16
5106 12
5107 2
5108 6
5109 10
5110 26
5111 4
5112 2
5113 12
5114 6
5115 4
5116 12
5117 8
5118 12
5119 10
5120 18
5121 6
5122 14
5123 28
5124 2
5125 6
5126 10
5127 2
5128 4
5129 14
5130 34
5131 2
5132 6
5133 22
5134 2
5135 10
5136 14
5137 4
5138 2
5139 16
5140 8
5141 10
5142 6
5143 8
5144 10
5145 8
5146 4
5147 6
5148 2
5149 16
5150 6
5151 6
5152 18
5153 30
5154 14
5155 6
5156 4
5157 30
5158 2
5159 10
5160 14
5161 4
5162 20
5163 10
5164 8
5165 4
5166 8
5167 18
5168 4
5169 14
5170 6
5171 4
5172 24
5173 6
5174 6
5175 18
5176 18
5177 2
5178 36
5179 6
5180 10
5181 14
5182 12
5183 4
5184 6
5185 2
5186 30
5187 6
5188 4
5189 2
5190 6
5191 28
5192 20
5193 4
5194 20
5195 12
5196 24
5197 16
5198 18
5199 12
5200 14
5201 6
5202 4
5203 12
5204 32
5205 12
5206 6
5207 10
5208 8
5209 10
5210 6
5211 18
5212 2
5213 16
5214 14
5215 6
5216 22
5217 6
5218 12
5219 2
5220 18
5221 4
5222 8
5223 30
5224 12
5225 4
5226 12
5227 2
5228 10
5229 38
5230 22
5231 2
5232 4
5233 14
5234 6
5235 12
5236 24
5237 4
5238 2
5239 4
5240 14
5241 12
5242 10
5243 2
5244 16
5245 6
5246 20
5247 4
5248 20
5249 22
5250 12
5251 2
5252 4
5253 2
5254 12
5255 22
5256 24
5257 6
5258 6
5259 2
5260 6
5261 4
5262 6
5263 2
5264 10
5265 12
5266 12
5267 6
5268 2
5269 6
5270 16
5271 8
5272 6
5273 4
5274 18
5275 12
5276 12
5277 14
5278 4
5279 12
5280 6
5281 8
5282 6
5283 18
5284 6
5285 10
5286 12
5287 14
5288 6
5289 4
5290 8
5291 22
5292 6
5293 2
5294 28
5295 18
5296 2
5297 18
5298 10
5299 6
5300 14
5301 10
5302 2
5303 10
5304 14
5305 6
5306 10
5307 2
5308 22
5309 6
5310 8
5311 6
5312 16
5313 12
5314 8
5315 22
5316 2
5317 4
5318 14
5319 18
5320 12
5321 6
5322 24
5323 6
5324 10
5325 2
5326 12
5327 22
5328 18
5329 6
5330 20
5331 6
5332 10
5333 14
5334 4
5335 2
5336 6
5337 12
5338 22
5339 14
5340 12
5341 4
5342 6
5343 8
5344 22
5345 2
5346 10
5347 12
5348 8
5349 40
5350 2
5351 6
5352 10
5353 8
5354 4
5355 42
5356 20
5357 4
5358 32
5359 12
5360 10
5361 6
5362 12
5363 12
5364 2
5365 10
5366 8
5367 6
5368 4
5369 8
5370 4
5371 26
5372 18
5373 4
5374 8
5375 28
5376 6
5377 18
5378 6
5379 12
5380 2
5381 10
5382 6
5383 6
5384 14
5385 10
5386 12
5387 14
5388 24
5389 6
5390 4
5391 20
5392 22
5393 2
5394 18
5395 4
5396 6
5397 12
5398 2
5399 16
5400 18
5401 14
5402 6
5403 6
5404 4
5405 6
5406 8
5407 18
5408 4
5409 14
5410 30
5411 4
5412 18
5413 8
5414 10
5415 2
5416 4
5417 8
5418 12
5419 4
5420 12
5421 18
5422 2
5423 12
5424 10
5425 2
5426 16
5427 8
5428 4
5429 30
5430 2
5431 6
5432 28
5433 2
5434 10
5435 2
5436 18
5437 10
5438 14
5439 4
5440 26
5441 6
5442 18
5443 4
5444 20
5445 6
5446 4
5447 8
5448 18
5449 4
5450 12
5451 26
5452 24
5453 4
5454 20
5455 22
5456 2
5457 18
5458 22
5459 2
5460 4
5461 12
5462 2
5463 6
5464 6
5465 6
5466 4
5467 6
5468 14
5469 4
5470 24
5471 12
5472 6
5473 18
5474 2
5475 12
5476 28
5477 14
5478 4
5479 6
5480 8
5481 22
5482 6
5483 12
5484 18
5485 8
5486 4
5487 20
5488 6
5489 4
5490 6
5491 2
5492 18
5493 6
5494 4
5495 12
5496 12
5497 8
5498 28
5499 6
5500 8
5501 10
5502 2
5503 24
5504 12
5505 10
5506 24
5507 8
5508 10
5509 20
5510 12
5511 6
5512 12
5513 12
5514 4
5515 14
5516 12
5517 24
5518 34
5519 18
5520 8
5521 10
5522 6
5523 18
5524 8
5525 4
5526 8
5527 16
5528 14
5529 6
5530 4
5531 6
5532 24
5533 2
5534 6
5535 4
5536 6
5537 2
5538 16
5539 6
5540 6
5541 20
5542 24
5543 4
5544 2
5545 4
5546 14
5547 4
5548 18
5549 2
5550 6
5551 12
5552 4
5553 14
5554 4
5555 2
5556 18
5557 16
5558 6
5559 6
5560 2
5561 16
5562 20
5563 6
5564 6
5565 30
5566 4
5567 8
5568 6
5569 24
5570 16
5571 6
5572 6
5573 8
5574 12
5575 30
5576 4
5577 18
5578 18
5579 8
5580 4
5581 26
5582 10
5583 2
5584 22
5585 8
5586 10
5587 14
5588 6
5589 4
5590 18
5591 8
5592 12
5593 28
5594 2
5595 6
5596 4
5597 12
5598 6
5599 24
5600 6
5601 8
5602 10
5603 20
5604 16
5605 8
5606 30
5607 6
5608 6
5609 4
5610 2
5611 10
5612 14
5613 6
5614 10
5615 32
5616 22
5617 18
5618 2
5619 4
5620 2
5621 4
5622 8
5623 22
5624 8
5625 18
5626 12
5627 28
5628 2
5629 16
5630 12
5631 18
5632 14
5633 10
5634 18
5635 12
5636 6
5637 32
5638 10
5639 14
5640 6
5641 10
5642 2
5643 10
5644 2
5645 6
5646 22
5647 2
5648 4
5649 6
5650 8
5651 10
5652 6
5653 14
5654 6
5655 4
5656 12
5657 30
5658 24
5659 6
5660 6
5661 8
5662 6
5663 4
5664 2
5665 4
5666 6
5667 8
5668 6
5669 6
5670 22
5671 18
5672 8
5673 4
5674 2
5675 18
5676 6
5677 4
5678 2
5679 16
5680 18
5681 20
5682 10
5683 6
5684 6
5685 30
5686 2
5687 12
5688 28
5689 6
5690 6
5691 6
5692 2
5693 12
5694 10
5695 8
5696 18
5697 18
5698 4
5699 8
5700 18
5701 10
5702 2
5703 28
5704 2
5705 10
5706 14
5707 4
5708 2
5709 30
5710 12
5711 22
5712 26
5713 10
5714 8
5715 6
5716 10
5717 8
5718 16
5719 14
5720 6
5721 6
5722 10
5723 14
5724 6
5725 4
5726 2
5727 10
5728 12
5729 2
5730 6
5731 10
5732 8
5733 4
5734 2
5735 10
5736 26
5737 22
5738 6
5739 2
5740 12
5741 18
5742 4
5743 26
5744 4
5745 8
5746 10
5747 6
5748 14
5749 10
5750 2
5751 18
5752 6
5753 10
5754 20
5755 6
5756 6
5757 4
5758 24
5759 2
5760 4
5761 8
5762 6
5763 16
5764 14
5765 16
5766 18
5767 2
5768 4
5769 12
5770 2
5771 10
5772 2
5773 6
5774 12
5775 10
5776 6
5777 6
5778 20
5779 6
5780 4
5781 6
5782 38
5783 4
5784 6
5785 12
5786 14
5787 4
5788 12
5789 8
5790 10
5791 12
5792 12
5793 8
5794 4
5795 6
5796 14
5797 10
5798 6
5799 12
5800 2
5801 10
5802 18
5803 2
5804 18
5805 10
5806 8
5807 10
5808 2
5809 12
5810 4
5811 14
5812 28
5813 2
5814 16
5815 2
5816 18
5817 6
5818 10
5819 6
5820 8
5821 16
5822 14
5823 30
5824 10
5825 20
5826 6
5827 10
5828 24
5829 2
5830 28
5831 2
5832 12
5833 16
5834 6
5835 8
5836 36
5837 4
5838 8
5839 4
5840 14
5841 12
5842 10
5843 8
5844 12
5845 4
5846 6
5847 8
5848 4
5849 6
5850 14
5851 22
5852 8
5853 6
5854 4
5855 2
5856 10
5857 6
5858 20
5859 10
5860 8
5861 6
5862 6
5863 22
5864 18
5865 2
5866 16
5867 6
5868 20
5869 4
5870 26
5871 4
5872 14
5873 22
5874 14
5875 4
5876 12
5877 6
5878 8
5879 4
5880 6
5881 6
5882 26
5883 10
5884 2
5885 18
5886 18
5887 4
5888 2
5889 16
5890 2
5891 18
5892 4
5893 6
5894 8
5895 4
5896 6
5897 12
5898 2
5899 6
5900 6
5901 28
5902 38
5903 4
5904 8
5905 16
5906 26
5907 4
5908 2
5909 10
5910 12
5911 2
5912 10
5913 8
5914 6
5915 10
5916 12
5917 2
5918 10
5919 2
5920 24
5921 4
5922 30
5923 26
5924 6
5925 6
5926 18
5927 6
5928 6
5929 22
5930 2
5931 10
5932 18
5933 26
5934 4
5935 18
5936 8
5937 6
5938 6
5939 12
5940 16
5941 6
5942 8
5943 16
5944 6
5945 8
5946 16
5947 2
5948 42
5949 58
5950 8
5951 4
5952 6
5953 2
5954 4
5955 8
5956 16
5957 6
5958 20
5959 4
5960 12
5961 12
5962 6
5963 12
5964 2
5965 10
5966 2
5967 6
5968 22
5969 2
5970 10
5971 6
5972 8
5973 6
5974 10
5975 14
5976 6
5977 6
5978 4
5979 18
5980 8
5981 10
5982 8
5983 16
5984 14
5985 10
5986 2
5987 10
5988 2
5989 12
5990 6
5991 4
5992 20
5993 10
5994 8
5995 52
5996 8
5997 10
5998 6
5999 2
6000 10
6001 8
6002 10
6003 6
6004 6
6005 8
6006 10
6007 2
6008 22
6009 2
6010 4
6011 6
6012 14
6013 4
6014 2
6015 24
6016 12
6017 4
6018 26
6019 18
6020 4
6021 6
6022 14
6023 30
6024 6
6025 4
6026 6
6027 2
6028 22
6029 8
6030 4
6031 6
6032 2
6033 22
6034 6
6035 8
6036 16
6037 6
6038 14
6039 4
6040 6
6041 18
6042 8
6043 12
6044 6
6045 12
6046 24
6047 30
6048 16
6049 8
6050 34
6051 8
6052 22
6053 6
6054 14
6055 10
6056 18
6057 14
6058 4
6059 12
6060 8
6061 4
6062 36
6063 6
6064 6
6065 2
6066 10
6067 2
6068 4
6069 20
6070 6
6071 6
6072 10
6073 12
6074 6
6075 2
6076 40
6077 8
6078 6
6079 28
6080 6
6081 2
6082 12
6083 18
6084 4
6085 24
6086 14
6087 6
6088 6
6089 10
6090 20
6091 10
6092 14
6093 16
6094 14
6095 16
6096 6
6097 8
6098 36
6099 4
6100 12
6101 12
6102 6
6103 12
6104 50
6105 12
6106 6
6107 4
6108 6
6109 6
6110 8
6111 6
6112 10
6113 2
6114 10
6115 2
6116 18
6117 10
6118 14
6119 16
6120 8
6121 6
6122 4
6123 20
6124 4
6125 2
6126 10
6127 6
6128 14
6129 18
6130 10
6131 38
6132 10
6133 18
6134 2
6135 10
6136 2
6137 12
6138 4
6139 2
6140 4
6141 14
6142 6
6143 10
6144 8
6145 40
6146 6
6147 20
6148 4
6149 12
6150 8
6151 6
6152 34
6153 8
6154 22
6155 8
6156 12
6157 10
6158 2
6159 16
6160 42
6161 12
6162 8
6163 22
6164 8
6165 22
6166 8
6167 6
6168 34
6169 2
6170 6
6171 4
6172 14
6173 6
6174 16
6175 2
6176 22
6177 6
6178 8
6179 24
6180 22
6181 6
6182 2
6183 12
6184 4
6185 6
6186 14
6187 4
6188 8
6189 24
6190 4
6191 6
6192 6
6193 2
6194 22
6195 20
6196 6
6197 4
6198 14
6199 4
6200 6
6201 6
6202 8
6203 6
6204 10
6205 6
6206 8
6207 6
6208 16
6209 14
6210 6
6211 6
6212 22
6213 6
6214 24
6215 32
6216 6
6217 18
6218 6
6219 18
6220 10
6221 8
6222 30
6223 18
6224 6
6225 16
6226 12
6227 6
6228 12
6229 2
6230 6
6231 4
6232 12
6233 8
6234 6
6235 22
6236 8
6237 6
6238 4
6239 14
6240 10
6241 18
6242 20
6243 10
6244 2
6245 6
6246 4
6247 2
6248 28
6249 18
6250 2
6251 10
6252 6
6253 6
6254 6
6255 14
6256 40
6257 24
6258 2
6259 4
6260 8
6261 12
6262 4
6263 20
6264 4
6265 32
6266 18
6267 16
6268 6
6269 36
6270 8
6271 6
6272 4
6273 6
6274 14
6275 4
6276 6
6277 26
6278 6
6279 10
6280 14
6281 18
6282 10
6283 6
6284 6
6285 14
6286 10
6287 6
6288 6
6289 14
6290 6
6291 24
6292 4
6293 14
6294 22
6295 8
6296 12
6297 10
6298 8
6299 12
6300 18
6301 10
6302 18
6303 8
6304 24
6305 10
6306 8
6307 4
6308 24
6309 6
6310 18
6311 6
6312 2
6313 10
6314 30
6315 2
6316 10
6317 2
6318 4
6319 2
6320 40
6321 2
6322 28
6323 8
6324 6
6325 6
6326 18
6327 6
6328 10
6329 14
6330 4
6331 18
6332 30
6333 18
6334 2
6335 12
6336 30
6337 6
6338 30
6339 4
6340 18
6341 12
6342 2
6343 4
6344 14
6345 6
6346 10
6347 6
6348 8
6349 6
6350 10
6351 12
6352 2
6353 6
6354 12
6355 10
6356 2
6357 18
6358 4
6359 20
6360 4
6361 6
6362 14
6363 6
6364 6
6365 22
6366 6
6367 6
6368 8
6369 18
6370 18
6371 10
6372 2
6373 10
6374 2
6375 6
6376 4
6377 6
6378 12
6379 18
6380 2
6381 10
6382 8
6383 4
6384 18
6385 2
6386 6
6387 6
6388 6
6389 10
6390 8
6391 10
6392 6
6393 18
6394 12
6395 8
6396 12
6397 6
6398 4
6399 6
6400 14
6401 16
6402 2
6403 12
6404 4
6405 6
6406 38
6407 6
6408 6
6409 16
6410 20
6411 28
6412 20
6413 10
6414 6
6415 6
6416 14
6417 4
6418 26
6419 4
6420 14
6421 10
6422 18
6423 14
6424 28
6425 2
6426 4
6427 14
6428 16
6429 2
6430 28
6431 6
6432 8
6433 6
6434 34
6435 8
6436 4
6437 18
6438 2
6439 16
6440 8
6441 6
6442 40
6443 8
6444 18
6445 4
6446 30
6447 6
6448 12
6449 2
6450 30
6451 6
6452 10
6453 14
6454 40
6455 14
6456 10
6457 2
6458 12
6459 10
6460 8
6461 4
6462 8
6463 6
6464 6
6465 28
6466 2
6467 4
6468 12
6469 14
6470 16
6471 8
6472 30
6473 16
6474 18
6475 2
6476 10
6477 18
6478 6
6479 32
6480 4
6481 18
6482 6
6483 2
6484 12
6485 10
6486 18
6487 2
6488 6
6489 10
6490 14
6491 18
6492 28
6493 6
6494 8
6495 16
6496 2
6497 4
6498 20
6499 10
6500 8
6501 18
6502 10
6503 2
6504 10
6505 8
6506 4
6507 6
6508 12
6509 6
6510 20
6511 4
6512 2
6513 6
6514 4
6515 20
6516 10
6517 26
6518 18
6519 10
6520 2
6521 18
6522 6
6523 16
6524 14
6525 4
6526 26
6527 4
6528 14
6529 10
6530 12
6531 14
6532 6
6533 6
6534 4
6535 14
6536 10
6537 2
6538 30
6539 18
6540 22
6541 2
6542 16
6543 2
6544 4
6545 8
6546 6
6547 6
6548 16
6549 2
6550 6
6551 12
6552 10
6553 8
6554 12
6555 4
6556 14
6557 4
6558 6
6559 20
6560 10
6561 12
6562 2
6563 6
6564 6
6565 4
6566 2
6567 10
6568 2
6569 30
6570 16
6571 12
6572 20
6573 18
6574 4
6575 6
6576 2
6577 4
6578 8
6579 16
6580 14
6581 18
6582 22
6583 6
6584 2
6585 22
6586 6
6587 6
6588 18
6589 2
6590 10
6591 36
6592 8
6593 4
6594 6
6595 20
6596 4
6597 12
6598 6
6599 14
6600 4
6601 2
6602 28
6603 24
6604 8
6605 4
6606 6
6607 12
6608 30
6609 18
6610 32
6611 22
6612 8
6613 36
6614 6
6615 4
6616 12
6617 2
6618 12
6619 4
6620 6
6621 20
6622 10
6623 18
6624 18
6625 8
6626 6
6627 4
6628 24
6629 8
6630 10
6631 14
6632 6
6633 4
6634 8
6635 12
6636 16
6637 2
6638 16
6639 6
6640 8
6641 16
6642 12
6643 14
6644 10
6645 30
6646 14
6647 4
6648 12
6649 8
6650 12
6651 6
6652 10
6653 2
6654 12
6655 28
6656 6
6657 12
6658 12
6659 20
6660 10
6661 2
6662 10
6663 14
6664 6
6665 6
6666 30
6667 4
6668 8
6669 12
6670 4
6671 2
6672 10
6673 14
6674 4
6675 26
6676 18
6677 12
6678 10
6679 6
6680 8
6681 4
6682 12
6683 6
6684 24
6685 18
6686 8
6687 10
6688 2
6689 12
6690 4
6691 12
6692 12
6693 6
6694 2
6695 22
6696 2
6697 4
6698 2
6699 12
6700 16
6701 14
6702 10
6703 2
6704 16
6705 18
6706 32
6707 4
6708 6
6709 20
6710 22
6711 8
6712 10
6713 2
6714 10
6715 6
6716 2
6717 4
6718 14
6719 6
6720 24
6721 4
6722 8
6723 4
6724 6
6725 12
6726 12
6727 8
6728 6
6729 10
6730 12
6731 8
6732 10
6733 2
6734 10
6735 12
6736 6
6737 12
6738 12
6739 20
6740 28
6741 20
6742 10
6743 14
6744 10
6745 8
6746 10
6747 6
6748 2
6749 4
6750 14
6751 6
6752 6
6753 12
6754 6
6755 12
6756 10
6757 14
6758 10
6759 14
6760 16
6761 8
6762 10
6763 26
6764 4
6765 2
6766 6
6767 4
6768 14
6769 4
6770 6
6771 12
6772 8
6773 6
6774 30
6775 18
6776 12
6777 6
6778 12
6779 16
6780 12
6781 12
6782 2
6783 28
6784 6
6785 14
6786 10
6787 36
6788 2
6789 4
6790 6
6791 8
6792 12
6793 22
6794 18
6795 2
6796 30
6797 18
6798 22
6799 20
6800 18
6801 10
6802 38
6803 6
6804 4
6805 2
6806 24
6807 4
6808 6
6809 6
6810 2
6811 10
6812 6
6813 14
6814 10
6815 8
6816 4
6817 24
6818 14
6819 16
6820 14
6821 22
6822 6
6823 20
6824 10
6825 14
6826 4
6827 12
6828 12
6829 2
6830 16
6831 8
6832 6
6833 6
6834 18
6835 4
6836 6
6837 14
6838 22
6839 6
6840 2
6841 42
6842 16
6843 2
6844 10
6845 6
6846 2
6847 4
6848 6
6849 8
6850 10
6851 20
6852 16
6853 30
6854 8
6855 10
6856 8
6857 10
6858 2
6859 30
6860 6
6861 6
6862 36
6863 10
6864 8
6865 16
6866 6
6867 2
6868 12
6869 28
6870 2
6871 4
6872 6
6873 18
6874 12
6875 6
6876 8
6877 10
6878 2
6879 4
6880 50
6881 4
6882 20
6883 4
6884 30
6885 8
6886 4
6887 6
6888 12
6889 2
6890 24
6891 4
6892 8
6893 18
6894 6
6895 4
6896 6
6897 8
6898 10
6899 2
6900 4
6901 2
6902 40
6903 18
6904 36
6905 30
6906 30
6907 8
6908 16
6909 14
6910 6
6911 12
6912 28
6913 2
6914 22
6915 2
6916 4
6917 12
6918 30
6919 12
6920 6
6921 2
6922 4
6923 14
6924 10
6925 2
6926 18
6927 22
6928 12
6929 18
6930 2
6931 10
6932 18
6933 32
6934 6
6935 4
6936 2
6937 6
6938 10
6939 20
6940 12
6941 10
6942 6
6943 12
6944 20
6945 12
6946 6
6947 4
6948 2
6949 16
6950 2
6951 16
6952 6
6953 14
6954 4
6955 2
6956 16
6957 2
6958 6
6959 16
6960 6
6961 8
6962 4
6963 8
6964 22
6965 18
6966 8
6967 12
6968 4
6969 8
6970 6
6971 24
6972 22
6973 6
6974 2
6975 12
6976 30
6977 6
6978 10
6979 12
6980 6
6981 2
6982 22
6983 6
6984 2
6985 12
6986 6
6987 22
6988 8
6989 12
6990 22
6991 2
6992 10
6993 6
6994 18
6995 12
6996 2
6997 6
6998 12
6999 18
7000 6
7001 4
7002 20
7003 22
7004 8
7005 12
7006 24
7007 16
7008 14
7009 10
7010 30
7011 18
7012 2
7013 6
7014 4
7015 14
7016 10
7017 2
7018 12
7019 10
7020 12
7021 6
7022 2
7023 16
7024 12
7025 2
7026 6
7027 12
7028 10
7029 2
7030 10
7031 6
7032 2
7033 12
7034 12
7035 16
7036 20
7037 10
7038 12
7039 8
7040 30
7041 10
7042 14
7043 4
7044 6
7045 8
7046 6
7047 4
7048 20
7049 18
7050 24
7051 4
7052 12
7053 8
7054 4
7055 2
7056 24
7057 6
7058 24
7059 10
7060 2
7061 4
7062 6
7063 2
7064 6
7065 6
7066 6
7067 4
7068 24
7069 2
7070 10
7071 12
7072 2
7073 6
7074 10
7075 8
7076 6
7077 10
7078 18
7079 2
7080 6
7081 4
7082 20
7083 24
7084 10
7085 12
7086 2
7087 12
7088 6
7089 24
7090 4
7091 36
7092 14
7093 16
7094 8
7095 22
7096 6
7097 8
7098 4
7099 2
7100 6
7101 22
7102 20
7103 16
7104 12
7105 18
7106 2
7107 12
7108 16
7109 6
7110 6
7111 12
7112 6
7113 12
7114 2
7115 6
7116 12
7117 10
7118 8
7119 16
7120 8
7121 6
7122 16
7123 8
7124 12
7125 4
7126 6
7127 6
7128 20
7129 12
7130 12
7131 4
7132 6
7133 20
7134 4
7135 12
7136 2
7137 10
7138 2
7139 6
7140 30
7141 22
7142 6
7143 2
7144 4
7145 38
7146 10
7147 2
7148 4
7149 2
7150 22
7151 2
7152 16
7153 2
7154 6
7155 10
7156 20
7157 6
7158 24
7159 4
7160 12
7161 14
7162 12
7163 4
7164 38
7165 10
7166 30
7167 6
7168 2
7169 12
7170 12
7171 4
7172 6
7173 30
7174 14
7175 4
7176 8
7177 18
7178 36
7179 4
7180 6
7181 20
7182 4
7183 2
7184 12
7185 10
7186 2
7187 6
7188 10
7189 12
7190 6
7191 12
7192 8
7193 6
7194 6
7195 24
7196 4
7197 30
7198 20
7199 6
7200 36
7201 10
7202 2
7203 12
7204 6
7205 4
7206 8
7207 6
7208 4
7209 12
7210 8
7211 6
7212 12
7213 4
7214 6
7215 14
7216 4
7217 20
7218 12
7219 4
7220 6
7221 18
7222 2
7223 4
7224 18
7225 2
7226 16
7227 12
7228 30
7229 6
7230 6
7231 8
7232 40
7233 8
7234 48
7235 6
7236 16
7237 18
7238 14
7239 12
7240 6
7241 18
7242 4
7243 20
7244 10
7245 2
7246 6
7247 10
7248 8
7249 30
7250 4
7251 12
7252 20
7253 6
7254 12
7255 6
7256 6
7257 34
7258 6
7259 6
7260 18
7261 6
7262 8
7263 10
7264 12
7265 6
7266 8
7267 10
7268 2
7269 4
7270 24
7271 6
7272 8
7273 22
7274 6
7275 2
7276 12
7277 6
7278 10
7279 12
7280 6
7281 24
7282 6
7283 14
7284 12
7285 36
7286 4
7287 24
7288 2
7289 10
7290 8
7291 10
7292 6
7293 14
7294 10
7295 32
7296 4
7297 8
7298 10
7299 12
7300 26
7301 18
7302 4
7303 6
7304 20
7305 4
7306 20
7307 6
7308 16
7309 6
7310 2
7311 30
7312 12
7313 6
7314 10
7315 2
7316 6
7317 10
7318 12
7319 8
7320 4
7321 2
7322 6
7323 10
7324 12
7325 26
7326 22
7327 8
7328 6
7329 4
7330 14
7331 6
7332 6
7333 30
7334 4
7335 6
7336 14
7337 4
7338 2
7339 28
7340 2
7341 6
7342 22
7343 8
7344 4
7345 18
7346 18
7347 18
7348 2
7349 12
7350 6
7351 4
7352 20
7353 10
7354 6
7355 6
7356 14
7357 10
7358 12
7359 2
7360 12
7361 30
7362 34
7363 12
7364 8
7365 6
7366 4
7367 2
7368 10
7369 2
7370 16
7371 12
7372 2
7373 10
7374 8
7375 18
7376 24
7377 6
7378 4
7379 12
7380 14
7381 4
7382 8
7383 4
7384 14
7385 4
7386 6
7387 6
7388 20
7389 6
7390 4
7391 8
7392 18
7393 52
7394 2
7395 4
7396 12
7397 8
7398 4
7399 38
7400 4
7401 26
7402 24
7403 16
7404 12
7405 6
7406 2
7407 12
7408 12
7409 16
7410 2
7411 6
7412 6
7413 4
7414 12
7415 14
7416 16
7417 8
7418 12
7419 18
7420 16
7421 6
7422 8
7423 10
7424 6
7425 14
7426 10
7427 12
7428 2
7429 10
7430 2
7431 4
7432 24
7433 6
7434 42
7435 24
7436 8
7437 10
7438 6
7439 6
7440 6
7441 2
7442 12
7443 4
7444 14
7445 6
7446 6
7447 28
7448 6
7449 2
7450 10
7451 12
7452 12
7453 6
7454 20
7455 4
7456 6
7457 14
7458 4
7459 2
7460 12
7461 10
7462 12
7463 24
7464 6
7465 8
7466 6
7467 6
7468 4
7469 24
7470 12
7471 20
7472 16
7473 14
7474 30
7475 18
7476 6
7477 4
7478 26
7479 12
7480 4
7481 6
7482 2
7483 6
7484 4
7485 2
7486 28
7487 8
7488 40
7489 2
7490 10
7491 8
7492 4
7493 20
7494 6
7495 18
7496 10
7497 2
7498 4
7499 44
7500 6
7501 18
7502 12
7503 6
7504 4
7505 6
7506 2
7507 22
7508 6
7509 14
7510 30
7511 10
7512 24
7513 2
7514 10
7515 8
7516 16
7517 18
7518 2
7519 18
7520 22
7521 8
7522 10
7523 6
7524 6
7525 14
7526 4
7527 8
7528 18
7529 4
7530 2
7531 18
7532 18
7533 18
7534 6
7535 4
7536 24
7537 18
7538 2
7539 16
7540 6
7541 6
7542 18
7543 20
7544 16
7545 20
7546 4
7547 14
7548 6
7549 4
7550 20
7551 18
7552 10
7553 2
7554 6
7555 10
7556 24
7557 2
7558 10
7559 24
7560 6
7561 6
7562 24
7563 6
7564 12
7565 2
7566 28
7567 12
7568 14
7569 6
7570 6
7571 12
7572 6
7573 22
7574 12
7575 12
7576 8
7577 36
7578 4
7579 12
7580 14
7581 4
7582 20
7583 10
7584 12
7585 24
7586 2
7587 4
7588 6
7589 12
7590 2
7591 4
7592 2
7593 10
7594 12
7595 26
7596 6
7597 16
7598 8
7599 4
7600 8
7601 10
7602 8
7603 6
7604 34
7605 2
7606 12
7607 16
7608 24
7609 6
7610 2
7611 10
7612 2
7613 18
7614 4
7615 8
7616 6
7617 16
7618 6
7619 2
7620 6
7621 6
7622 6
7623 4
7624 14
7625 4
7626 20
7627 6
7628 4
7629 20
7630 6
7631 12
7632 22
7633 6
7634 2
7635 10
7636 12
7637 2
7638 6
7639 4
7640 8
7641 12
7642 4
7643 14
7644 12
7645 10
7646 14
7647 4
7648 12
7649 26
7650 10
7651 14
7652 4
7653 26
7654 6
7655 30
7656 4
7657 18
7658 18
7659 8
7660 6
7661 16
7662 8
7663 10
7664 14
7665 10
7666 8
7667 10
7668 20
7669 22
7670 20
7671 16
7672 2
7673 18
7674 6
7675 4
7676 6
7677 6
7678 12
7679 2
7680 10
7681 26
7682 4
7683 8
7684 18
7685 18
7686 6
7687 18
7688 6
7689 4
7690 6
7691 24
7692 6
7693 20
7694 34
7695 26
7696 10
7697 2
7698 28
7699 12
7700 8
7701 10
7702 12
7703 2
7704 6
7705 22
7706 2
7707 12
7708 16
7709 2
7710 6
7711 6
7712 10
7713 14
7714 16
7715 20
7716 6
7717 4
7718 38
7719 6
7720 10
7721 6
7722 8
7723 16
7724 42
7725 2
7726 6
7727 4
7728 6
7729 6
7730 6
7731 14
7732 16
7733 14
7734 4
7735 20
7736 10
7737 2
7738 4
7739 8
7740 18
7741 10
7742 12
7743 36
7744 2
7745 10
7746 42
7747 8
7748 4
7749 20
7750 24
7751 16
7752 8
7753 22
7754 6
7755 8
7756 4
7757 2
7758 6
7759 22
7760 6
7761 6
7762 8
7763 28
7764 2
7765 10
7766 18
7767 14
7768 6
7769 4
7770 18
7771 8
7772 10
7773 14
7774 4
7775 12
7776 8
7777 10
7778 12
7779 14
7780 4
7781 2
7782 12
7783 12
7784 4
7785 6
7786 18
7787 30
7788 12
7789 38
7790 6
7791 12
7792 10
7793 2
7794 18
7795 10
7796 12
7797 8
7798 4
7799 8
7800 6
7801 4
7802 2
7803 24
7804 12
7805 18
7806 4
7807 2
7808 4
7809 2
7810 58
7811 12
7812 8
7813 24
7814 10
7815 2
7816 4
7817 6
7818 6
7819 12
7820 2
7821 4
7822 14
7823 6
7824 6
7825 16
7826 12
7827 2
7828 4
7829 32
7830 4
7831 24
7832 6
7833 6
7834 8
7835 10
7836 2
7837 22
7838 18
7839 12
7840 20
7841 6
7842 30
7843 4
7844 30
7845 6
7846 2
7847 4
7848 14
7849 6
7850 4
7851 14
7852 16
7853 2
7854 12
7855 10
7856 2
7857 6
7858 12
7859 12
7860 10
7861 6
7862 8
7863 22
7864 8
7865 12
7866 12
7867 6
7868 16
7869 6
7870 18
7871 20
7872 22
7873 18
7874 2
7875 22
7876 2
7877 16
7878 2
7879 22
7880 14
7881 10
7882 20
7883 10
7884 32
7885 4
7886 8
7887 10
7888 6
7889 2
7890 22
7891 6
7892 12
7893 2
7894 6
7895 4
7896 2
7897 4
7898 14
7899 12
7900 24
7901 10
7902 2
7903 12
7904 16
7905 2
7906 4
7907 6
7908 14
7909 6
7910 10
7911 12
7912 2
7913 16
7914 14
7915 34
7916 12
7917 2
7918 6
7919 6
7920 6
7921 4
7922 20
7923 10
7924 26
7925 12
7926 12
7927 4
7928 2
7929 4
7930 8
7931 10
7932 2
7933 4
7934 2
7935 22
7936 6
7937 6
7938 14
7939 4
7940 18
7941 12
7942 26
7943 6
7944 10
7945 8
7946 16
7947 2
7948 4
7949 20
7950 10
7951 6
7952 42
7953 2
7954 10
7955 6
7956 8
7957 24
7958 12
7959 6
7960 4
7961 6
7962 12
7963 2
7964 28
7965 8
7966 12
7967 18
7968 18
7969 6
7970 46
7971 8
7972 10
7973 6
7974 14
7975 4
7976 2
7977 6
7978 4
7979 6
7980 42
7981 8
7982 10
7983 8
7984 10
7985 2
7986 18
7987 4
7988 6
7989 12
7990 12
7991 2
7992 4
7993 20
7994 10
7995 12
7996 12
7997 8
7998 4
7999 26
8000 18
8001 22
8002 8
8003 6
8004 16
8005 14
8006 16
8007 2
8008 18
8009 10
8010 2
8011 6
8012 6
8013 10
8014 14
8015 4
8016 2
8017 30
8018 4
8019 2
8020 4
8021 8
8022 10
8023 6
8024 2
8025 12
8026 16
8027 6
8028 56
8029 10
8030 2
8031 12
8032 10
8033 8
8034 12
8035 6
8036 4
8037 14
8038 10
8039 2
8040 4
8041 8
8042 6
8043 4
8044 20
8045 6
8046 12
8047 22
8048 6
8049 32
8050 10
8051 2
8052 10
8053 12
8054 14
8055 6
8056 28
8057 36
8058 6
8059 6
8060 2
8061 12
8062 4
8063 6
8064 6
8065 8
8066 22
8067 2
8068 18
8069 10
8070 2
8071 6
8072 4
8073 20
8074 10
8075 8
8076 4
8077 6
8078 14
8079 18
8080 6
8081 42
8082 22
8083 2
8084 4
8085 2
8086 28
8087 2
8088 4
8089 18
8090 6
8091 6
8092 6
8093 12
8094 2
8095 24
8096 10
8097 36
8098 6
8099 2
8100 12
8101 10
8102 26
8103 24
8104 18
8105 16
8106 6
8107 6
8108 14
8109 24
8110 12
8111 4
8112 8
8113 6
8114 12
8115 4
8116 8
8117 16
8118 20
8119 40
8120 26
8121 4
8122 12
8123 2
8124 6
8125 4
8126 2
8127 10
8128 14
8129 10
8130 2
8131 4
8132 26
8133 12
8134 28
8135 2
8136 16
8137 26
8138 6
8139 10
8140 2
8141 6
8142 10
8143 6
8144 8
8145 6
8146 6
8147 6
8148 10
8149 12
8150 6
8151 20
8152 40
8153 20
8154 4
8155 2
8156 16
8157 12
8158 6
8159 12
8160 8
8161 4
8162 18
8163 2
8164 12
8165 10
8166 26
8167 12
8168 16
8169 2
8170 18
8171 24
8172 12
8173 4
8174 14
8175 22
8176 20
8177 10
8178 14
8179 12
8180 4
8181 18
8182 12
8183 8
8184 10
8185 12
8186 6
8187 30
8188 14
8189 4
8190 24
8191 6
8192 30
8193 6
8194 6
8195 2
8196 6
8197 22
8198 32
8199 6
8200 4
8201 6
8202 6
8203 20
8204 16
8205 2
8206 10
8207 8
8208 12
8209 10
8210 2
8211 6
8212 10
8213 8
8214 16
8215 36
8216 8
8217 6
8218 4
8219 2
8220 28
8221 2
8222 28
8223 12
8224 2
8225 10
8226 6
8227 14
8228 10
8229 6
8230 6
8231 6
8232 8
8233 6
8234 4
8235 14
8236 18
8237 4
8238 6
8239 12
8240 2
8241 10
8242 18
8243 8
8244 30
8245 40
8246 2
8247 18
8248 4
8249 6
8250 14
8251 18
8252 6
8253 4
8254 12
8255 6
8256 12
8257 6
8258 14
8259 10
8260 26
8261 6
8262 16
8263 2
8264 16
8265 30
8266 2
8267 10
8268 2
8269 42
8270 6
8271 28
8272 14
8273 6
8274 10
8275 2
8276 12
8277 18
8278 12
8279 6
8280 10
8281 12
8282 12
8283 20
8284 6
8285 4
8286 2
8287 10
8288 6
8289 12
8290 12
8291 14
8292 12
8293 34
8294 6
8295 2
8296 12
8297 10
8298 6
8299 8
8300 6
8301 4
8302 12
8303 38
8304 6
8305 10
8306 18
8307 2
8308 28
8309 2
8310 6
8311 12
8312 30
8313 16
8314 2
8315 10
8316 8
8317 4
8318 2
8319 16
8320 18
8321 26
8322 4
8323 6
8324 8
8325 18
8326 22
8327 6
8328 20
8329 4
8330 6
8331 12
8332 2
8333 6
8334 12
8335 4
8336 18
8337 6
8338 2
8339 22
8340 12
8341 8
8342 6
8343 16
8344 18
8345 30
8346 12
8347 24
8348 2
8349 10
8350 2
8351 6
8352 6
8353 4
8354 6
8355 36
8356 14
8357 6
8358 22
8359 2
8360 58
8361 8
8362 12
8363 6
8364 10
8365 2
8366 40
8367 8
8368 6
8369 28
8370 2
8371 4
8372 14
8373 6
8374 6
8375 18
8376 10
8377 8
8378 4
8379 14
8380 4
8381 8
8382 30
8383 4
8384 6
8385 8
8386 6
8387 6
8388 18
8389 4
8390 2
8391 4
8392 14
8393 12
8394 18
8395 10
8396 2
8397 4
8398 12
8399 2
8400 10
8401 8
8402 10
8403 14
8404 10
8405 18
8406 12
8407 8
8408 6
8409 10
8410 14
8411 10
8412 8
8413 22
8414 2
8415 6
8416 22
8417 12
8418 6
8419 8
8420 12
8421 28
8422 2
8423 48
8424 12
8425 4
8426 18
8427 8
8428 10
8429 14
8430 10
8431 14
8432 4
8433 12
8434 30
8435 24
8436 6
8437 8
8438 6
8439 4
8440 8
8441 54
8442 4
8443 2
8444 10
8445 12
8446 8
8447 10
8448 12
8449 12
8450 18
8451 2
8452 24
8453 4
8454 8
8455 22
8456 12
8457 20
8458 4
8459 12
8460 2
8461 12
8462 16
8463 2
8464 28
8465 2
8466 6
8467 24
8468 10
8469 2
8470 28
8471 2
8472 4
8473 20
8474 4
8475 12
8476 6
8477 14
8478 4
8479 6
8480 14
8481 22
8482 24
8483 20
8484 4
8485 14
8486 6
8487 6
8488 10
8489 30
8490 8
8491 10
8492 18
8493 2
8494 6
8495 6
8496 16
8497 2
8498 6
8499 6
8500 4
8501 2
8502 24
8503 4
8504 2
8505 24
8506 10
8507 6
8508 2
8509 10
8510 2
8511 6
8512 22
8513 8
8514 4
8515 8
8516 6
8517 4
8518 18
8519 2
8520 18
8521 4
8522 8
8523 16
8524 26
8525 4
8526 6
8527 8
8528 22
8529 20
8530 16
8531 8
8532 4
8533 6
8534 24
8535 6
8536 14
8537 12
8538 16
8539 2
8540 12
8541 4
8542 14
8543 10
8544 2
8545 4
8546 12
8547 18
8548 32
8549 10
8550 14
8551 24
8552 12
8553 40
8554 8
8555 34
8556 12
8557 14
8558 4
8559 18
8560 2
8561 28
8562 12
8563 20
8564 6
8565 10
8566 2
8567 40
8568 18
8569 14
8570 12
8571 4
8572 36
8573 6
8574 2
8575 22
8576 6
8577 14
8578 10
8579 24
8580 42
8581 2
8582 16
8583 2
8584 34
8585 8
8586 6
8587 4
8588 2
8589 4
8590 14
8591 40
8592 8
8593 12
8594 6
8595 24
8596 18
8597 4
8598 6
8599 2
8600 6
8601 4
8602 2
8603 4
8604 2
8605 24
8606 10
8607 8
8608 6
8609 6
8610 10
8611 14
8612 6
8613 16
8614 18
8615 14
8616 18
8617 24
8618 4
8619 6
8620 6
8621 8
8622 4
8623 20
8624 10
8625 6
8626 12
8627 2
8628 12
8629 4
8630 14
8631 6
8632 6
8633 6
8634 4
8635 14
8636 16
8637 36
8638 14
8639 6
8640 4
8641 14
8642 4
8643 6
8644 24
8645 8
8646 4
8647 20
8648 10
8649 14
8650 12
8651 34
8652 8
8653 10
8654 6
8655 6
8656 6
8657 14
8658 4
8659 14
8660 12
8661 6
8662 10
8663 18
8664 14
8665 10
8666 12
8667 6
8668 2
8669 6
8670 6
8671 28
8672 2
8673 4
8674 24
8675 6
8676 2
8677 4
8678 8
8679 16
8680 6
8681 20
8682 4
8683 2
8684 10
8685 2
8686 10
8687 8
8688 64
8689 6
8690 8
8691 12
8692 4
8693 14
8694 12
8695 10
8696 2
8697 12
8698 6
8699 10
8700 18
8701 24
8702 6
8703 2
8704 10
8705 8
8706 6
8707 16
8708 20
8709 4
8710 14
8711 6
8712 6
8713 12
8714 6
8715 4
8716 6
8717 2
8718 4
8719 8
8720 22
8721 6
8722 8
8723 4
8724 2
8725 16
8726 18
8727 14
8728 6
8729 22
8730 14
8731 10
8732 14
8733 4
8734 6
8735 2
8736 4
8737 14
8738 10
8739 12
8740 8
8741 16
8742 8
8743 10
8744 8
8745 24
8746 40
8747 6
8748 12
8749 2
8750 6
8751 18
8752 4
8753 2
8754 4
8755 30
8756 2
8757 30
8758 4
8759 8
8760 18
8761 12
8762 12
8763 4
8764 2
8765 4
8766 14
8767 36
8768 16
8769 18
8770 2
8771 12
8772 10
8773 6
8774 12
8775 18
8776 2
8777 18
8778 6
8779 6
8780 22
8781 18
8782 38
8783 6
8784 10
8785 18
8786 2
8787 10
8788 8
8789 6
8790 16
8791 24
8792 14
8793 6
8794 4
8795 6
8796 14
8797 16
8798 24
8799 6
8800 12
8801 8
8802 12
8803 10
8804 14
8805 46
8806 2
8807 16
8808 2
8809 22
8810 6
8811 2
8812 10
8813 2
8814 10
8815 2
8816 6
8817 4
8818 20
8819 10
8820 6
8821 30
8822 8
8823 6
8824 6
8825 4
8826 30
8827 8
8828 6
8829 6
8830 6
8831 22
8832 36
8833 2
8834 4
8835 8
8836 6
8837 6
8838 4
8839 14
8840 12
8841 10
8842 20
8843 4
8844 2
8845 4
8846 30
8847 6
8848 14
8849 16
8850 12
8851 30
8852 2
8853 4
8854 6
8855 8
8856 30
8857 10
8858 8
8859 34
8860 18
8861 12
8862 8
8863 22
8864 20
8865 4
8866 14
8867 10
8868 20
8869 6
8870 4
8871 2
8872 10
8873 14
8874 4
8875 26
8876 6
8877 36
8878 12
8879 18
8880 4
8881 8
8882 6
8883 4
8884 6
8885 2
8886 28
8887 6
8888 6
8889 24
8890 8
8891 10
8892 26
8893 6
8894 24
8895 4
8896 8
8897 24
8898 10
8899 20
8900 4
8901 2
8902 10
8903 14
8904 16
8905 2
8906 6
8907 6
8908 4
8909 6
8910 8
8911 18
8912 28
8913 14
8914 6
8915 16
8916 14
8917 6
8918 4
8919 6
8920 6
8921 8
8922 4
8923 2
8924 4
8925 12
8926 2
8927 12
8928 6
8929 12
8930 28
8931 2
8932 6
8933 12
8934 10
8935 14
8936 4
8937 44
8938 6
8939 10
8940 2
8941 12
8942 12
8943 30
8944 4
8945 12
8946 2
8947 6
8948 10
8949 12
8950 2
8951 10
8952 2
8953 10
8954 6
8955 8
8956 10
8957 6
8958 14
8959 16
8960 8
8961 6
8962 12
8963 10
8964 2
8965 10
8966 8
8967 12
8968 10
8969 18
8970 8
8971 4
8972 2
8973 4
8974 26
8975 6
8976 22
8977 6
8978 14
8979 10
8980 6
8981 2
8982 28
8983 6
8984 8
8985 46
8986 6
8987 6
8988 18
8989 6
8990 6
8991 8
8992 6
8993 10
8994 18
8995 2
8996 6
8997 12
8998 18
8999 10
9000 8
9001 12
9002 30
9003 10
9004 2
9005 10
9006 2
9007 4
9008 6
9009 18
9010 2
9011 4
9012 20
9013 12
9014 4
9015 6
9016 8
9017 34
9018 6
9019 6
9020 24
9021 12
9022 8
9023 36
9024 16
9025 2
9026 6
9027 4
9028 2
9029 4
9030 6
9031 20
9032 6
9033 24
9034 4
9035 2
9036 4
9037 18
9038 20
9039 6
9040 22
9041 8
9042 46
9043 18
9044 2
9045 16
9046 20
9047 22
9048 2
9049 24
9050 22
9051 2
9052 16
9053 24
9054 20
9055 16
9056 2
9057 4
9058 8
9059 10
9060 2
9061 10
9062 14
9063 4
9064 8
9065 18
9066 4
9067 8
9068 4
9069 14
9070 10
9071 2
9072 24
9073 16
9074 8
9075 6
9076 16
9077 20
9078 10
9079 2
9080 6
9081 4
9082 30
9083 2
9084 16
9085 32
9086 6
9087 12
9088 10
9089 24
9090 8
9091 12
9092 18
9093 16
9094 2
9095 12
9096 6
9097 4
9098 12
9099 6
9100 2
9101 28
9102 18
9103 2
9104 22
9105 6
9106 6
9107 6
9108 2
9109 6
9110 16
9111 14
9112 6
9113 30
9114 16
9115 2
9116 10
9117 2
9118 4
9119 12
9120 2
9121 12
9122 10
9123 14
9124 6
9125 10
9126 8
9127 28
9128 2
9129 36
9130 6
9131 16
9132 14
9133 4
9134 20
9135 24
9136 6
9137 4
9138 8
9139 4
9140 18
9141 8
9142 4
9143 14
9144 4
9145 6
9146 2
9147 24
9148 16
9149 14
9150 4
9151 26
9152 16
9153 2
9154 10
9155 32
9156 6
9157 4
9158 6
9159 12
9160 6
9161 36
9162 8
9163 12
9164 4
9165 2
9166 4
9167 8
9168 6
9169 4
9170 20
9171 12
9172 10
9173 24
9174 12
9175 2
9176 12
9177 10
9178 6
9179 12
9180 2
9181 6
9182 18
9183 4
9184 6
9185 6
9186 6
9187 8
9188 24
9189 6
9190 10
9191 12
9192 30
9193 14
9194 10
9195 8
9196 12
9197 6
9198 10
9199 12
9200 2
9201 18
9202 6
9203 4
9204 8
9205 4
9206 24
9207 20
9208 4
9209 8
9210 10
9211 12
9212 8
9213 12
9214 16
9215 6
9216 14
9217 4
9218 8
9219 4
9220 18
9221 50
9222 6
9223 6
9224 4
9225 6
9226 8
9227 6
9228 10
9229 26
9230 10
9231 6
9232 2
9233 10
9234 2
9235 10
9236 6
9237 38
9238 12
9239 4
9240 8
9241 10
9242 20
9243 6
9244 6
9245 6
9246 18
9247 10
9248 2
9249 12
9250 16
9251 2
9252 12
9253 12
9254 4
9255 26
9256 10
9257 6
9258 20
9259 18
9260 40
9261 12
9262 8
9263 10
9264 12
9265 2
9266 18
9267 12
9268 10
9269 2
9270 10
9271 26
9272 4
9273 6
9274 12
9275 8
9276 4
9277 30
9278 6
9279 2
9280 6
9281 16
9282 24
9283 24
9284 18
9285 12
9286 12
9287 8
9288 6
9289 4
9290 8
9291 10
9292 8
9293 6
9294 4
9295 20
9296 10
9297 26
9298 4
9299 24
9300 6
9301 2
9302 12
9303 42
9304 18
9305 6
9306 4
9307 26
9308 6
9309 28
9310 6
9311 2
9312 10
9313 8
9314 6
9315 6
9316 10
9317 8
9318 10
9319 2
9320 22
9321 2
9322 4
9323 20
9324 4
9325 6
9326 36
9327 14
9328 4
9329 20
9330 22
9331 6
9332 14
9333 6
9334 10
9335 8
9336 4
9337 2
9338 4
9339 14
9340 18
9341 34
9342 8
9343 22
9344 14
9345 10
9346 24
9347 6
9348 2
9349 10
9350 2
9351 6
9352 10
9353 26
9354 18
9355 10
9356 18
9357 24
9358 18
9359 2
9360 24
9361 40
9362 2
9363 4
9364 6
9365 2
9366 6
9367 10
9368 26
9369 6
9370 12
9371 12
9372 6
9373 4
9374 36
9375 2
9376 10
9377 12
9378 24
9379 2
9380 4
9381 8
9382 10
9383 6
9384 2
9385 4
9386 24
9387 2
9388 4
9389 36
9390 2
9391 22
9392 14
9393 24
9394 18
9395 42
9396 6
9397 10
9398 2
9399 24
9400 16
9401 12
9402 2
9403 4
9404 2
9405 10
9406 2
9407 10
9408 8
9409 4
9410 36
9411 8
9412 4
9413 12
9414 18
9415 6
9416 6
9417 14
9418 22
9419 2
9420 6
9421 24
9422 6
9423 10
9424 24
9425 20
9426 22
9427 6
9428 14
9429 36
9430 28
9431 6
9432 8
9433 6
9434 24
9435 6
9436 12
9437 28
9438 2
9439 18
9440 4
9441 2
9442 4
9443 20
9444 22
9445 8
9446 10
9447 2
9448 18
9449 4
9450 8
9451 10
9452 14
9453 10
9454 6
9455 8
9456 6
9457 6
9458 12
9459 16
9460 12
9461 14
9462 10
9463 18
9464 2
9465 10
9466 24
9467 24
9468 6
9469 12
9470 2
9471 22
9472 6
9473 20
9474 22
9475 2
9476 4
9477 12
9478 2
9479 6
9480 36
9481 6
9482 22
9483 6
9484 2
9485 28
9486 12
9487 18
9488 2
9489 4
9490 14
9491 6
9492 4
9493 2
9494 10
9495 2
9496 16
9497 2
9498 10
9499 8
9500 6
9501 10
9502 18
9503 12
9504 6
9505 14
9506 4
9507 6
9508 18
9509 12
9510 26
9511 4
9512 6
9513 14
9514 6
9515 10
9516 12
9517 2
9518 4
9519 2
9520 10
9521 24
9522 8
9523 10
9524 32
9525 10
9526 8
9527 10
9528 6
9529 2
9530 18
9531 12
9532 28
9533 30
9534 2
9535 18
9536 4
9537 6
9538 14
9539 6
9540 4
9541 8
9542 22
9543 8
9544 30
9545 18
9546 10
9547 26
9548 4
9549 2
9550 22
9551 8
9552 4
9553 8
9554 6
9555 4
9556 26
9557 4
9558 12
9559 20
9560 18
9561 6
9562 12
9563 10
9564 18
9565 2
9566 4
9567 6
9568 2
9569 12
9570 28
9571 6
9572 20
9573 6
9574 16
9575 8
9576 6
9577 6
9578 4
9579 6
9580 20
9581 12
9582 6
9583 4
9584 20
9585 6
9586 16
9587 6
9588 32
9589 10
9590 18
9591 2
9592 12
9593 16
9594 24
9595 6
9596 8
9597 12
9598 34
9599 6
9600 20
9601 22
9602 2
9603 16
9604 14
9605 6
9606 4
9607 14
9608 6
9609 24
9610 30
9611 4
9612 8
9613 12
9614 6
9615 16
9616 20
9617 10
9618 14
9619 4
9620 2
9621 16
9622 12
9623 2
9624 10
9625 8
9626 6
9627 30
9628 12
9629 10
9630 14
9631 10
9632 8
9633 10
9634 6
9635 2
9636 4
9637 14
9638 10
9639 2
9640 10
9641 32
9642 18
9643 4
9644 8
9645 28
9646 20
9647 4
9648 20
9649 6
9650 4
9651 30
9652 8
9653 6
9654 22
9655 18
9656 12
9657 2
9658 10
9659 12
9660 6
9661 18
9662 6
9663 54
9664 6
9665 14
9666 4
9667 6
9668 6
9669 14
9670 24
9671 6
9672 12
9673 10
9674 12
9675 6
9676 24
9677 12
9678 18
9679 8
9680 18
9681 4
9682 2
9683 4
9684 2
9685 22
9686 8
9687 10
9688 2
9689 12
9690 10
9691 14
9692 6
9693 4
9694 2
9695 12
9696 46
9697 6
9698 6
9699 2
9700 6
9701 6
9702 30
9703 10
9704 8
9705 6
9706 12
9707 4
9708 14
9709 6
9710 16
9711 12
9712 8
9713 10
9714 20
9715 18
9716 10
9717 6
9718 6
9719 12
9720 2
9721 10
9722 14
9723 4
9724 2
9725 4
9726 24
9727 12
9728 8
9729 18
9730 4
9731 8
9732 16
9733 14
9734 12
9735 10
9736 18
9737 12
9738 8
9739 18
9740 4
9741 14
9742 4
9743 6
9744 2
9745 22
9746 18
9747 8
9748 10
9749 26
9750 4
9751 2
9752 24
9753 6
9754 4
9755 6
9756 12
9757 26
9758 4
9759 8
9760 10
9761 18
9762 6
9763 14
9764 10
9765 12
9766 2
9767 12
9768 6
9769 4
9770 8
9771 12
9772 16
9773 2
9774 10
9775 6
9776 2
9777 22
9778 2
9779 4
9780 14
9781 18
9782 10
9783 12
9784 20
9785 10
9786 6
9787 2
9788 4
9789 14
9790 12
9791 4
9792 8
9793 10
9794 2
9795 6
9796 34
9797 6
9798 2
9799 16
9800 12
9801 8
9802 22
9803 8
9804 30
9805 10
9806 2
9807 24
9808 4
9809 14
9810 10
9811 20
9812 16
9813 2
9814 4
9815 20
9816 10
9817 6
9818 8
9819 4
9820 8
9821 4
9822 24
9823 6
9824 14
9825 4
9826 32
9827 4
9828 6
9829 14
9830 6
9831 4
9832 2
9833 22
9834 60
9835 2
9836 6
9837 24
9838 4
9839 14
9840 18
9841 12
9842 18
9843 12
9844 6
9845 4
9846 30
9847 2
9848 16
9849 2
9850 22
9851 14
9852 16
9853 18
9854 6
9855 36
9856 6
9857 18
9858 2
9859 10
9860 8
9861 4
9862 2
9863 6
9864 24
9865 18
9866 30
9867 6
9868 6
9869 34
9870 14
9871 6
9872 52
9873 2
9874 16
9875 12
9876 14
9877 16
9878 8
9879 30
9880 4
9881 2
9882 6
9883 10
9884 12
9885 2
9886 28
9887 6
9888 14
9889 12
9890 28
9891 18
9892 20
9893 4
9894 8
9895 6
9896 6
9897 4
9898 6
9899 8
9900 22
9901 6
9902 24
9903 8
9904 6
9905 12
9906 12
9907 6
9908 12
9909 4
9910 20
9911 46
9912 18
9913 14
9914 10
9915 2
9916 24
9917 4
9918 2
9919 24
9920 22
9921 14
9922 10
9923 6
9924 32
9925 12
9926 4
9927 2
9928 10
9929 2
9930 10
9931 2
9932 4
9933 6
9934 6
9935 12
9936 12
9937 14
9938 6
9939 6
9940 28
9941 2
9942 18
9943 6
9944 6
9945 4
9946 24
9947 2
9948 12
9949 12
9950 6
9951 4
9952 24
9953 24
9954 2
9955 6
9956 4
9957 38
9958 6
9959 10
9960 12
9961 2
9962 12
9963 4
9964 20
9965 22
9966 12
9967 2
9968 10
9969 6
9970 18
9971 42
9972 12
9973 2
9974 6
9975 12
9976 22
9977 14
9978 10
9979 6
9980 6
9981 2
9982 10
9983 18
9984 14
9985 4
9986 26
9987 16
9988 12
9989 8
9990 18
9991 4
9992 2
9993 10
9994 8
9995 6
9996 4
9997 6
9998 6
9999 6
10000 14
